Address,ARTHM,LE,RENT,TX-Origin,TimeM,TimeO,UE
0x0000000000075efbee23fe2de1bd0b7690883cc9,0,1,0,0,0,0,0
0x00000000000da14c27c155bb7c1ac9bd7519eb3b,0,1,0,0,0,0,0
0x0000000000b3f879cb30fe243b4dfee438691c04,0,0,2,0,0,0,0
0x000000002bb43c83ece652d161ad0fa862129a2c,4,1,2,0,0,2,0
0x00000000441378008ea67f4284a57932b1c000a5,0,1,0,0,0,0,0
0x00000000bbcf7700a1b403c9eb666f350707b900,0,1,0,0,0,0,0
0x00000000e86b5156e8fd624255bf7a6d722a8f1f,2,0,0,0,0,0,0
0x0000009a317684a5f840484357fa587aca76454c,0,0,4,0,0,0,0
0x000000c96e715a5b8cd3beaea66bdb749225fa2f,0,0,1,0,0,0,0
0x00000100f2a2bd000715001920eb70d229700085,0,1,0,0,0,0,0
0x00006100f7090010005f1bd7ae6122c3c2cf0090,0,1,0,0,0,0,0
0x0002325fcaaac6ebf1254a626589147bde1a2394,1,0,4,0,0,1,0
0x000621424c60951cb69e9d75d64b79813846d498,0,0,0,0,0,3,0
0x00125893df6ca0792c99601c462764ba5d80268a,1,0,0,0,0,0,0
0x001f52daa8a4f7b9b26da16baf449c0d270dbe63,1,0,0,0,0,0,0
0x001fc4a7f2f586596308091c7b296d4535a25a90,1,1,0,0,0,0,0
0x002036ed3d00736787a31a19b1e28f7a86c72672,2,0,0,0,0,0,0
0x0022ee765799c1f836a36612b8c62be098fd0bbb,1,0,0,0,0,0,0
0x00285f9aad90013a782fb6c85584d97f120b54d8,2,0,0,0,0,0,0
0x0033fb5561719b8b697b604466d6d39308c58191,2,0,0,0,0,2,0
0x00346fddca107aec034a367b7324f0d6419bf4b9,0,0,0,0,0,2,0
0x003f79d7be15dc1ad90ce00e6ea68f335e2b789b,1,0,0,0,0,0,0
0x003ffefefbc4a6f34a62a3ca7b7937a880065bcb,3,0,1,0,0,0,0
0x00416b9d728069edb0ceb04bc2b203fa7336d1f1,3,0,0,0,0,2,0
0x00430f32b8e77a456d0ab7e6f1dc1b84f4ae62e0,2,0,0,0,0,0,0
0x0045684552109f8551cc5c8aa7b1f52085adff47,0,0,3,0,0,0,0
0x00499c8444cff1c09566a1d5c8b6ea801af9688f,3,1,0,0,0,0,0
0x004a0ea16df8e38e9107461dffe34d6a7f9caab1,0,0,0,0,1,0,0
0x004a60e932aeb59ab06996586a64c8cea37c3875,1,1,0,0,0,0,0
0x0051d363a60bd98d8a10927d10708e5ef853b306,1,0,0,0,0,0,0
0x00539863217abd04b374a422c855e4c71ed1019a,1,0,0,0,0,2,0
0x005f977f633d1c23748294671b0e69f3512e6702,1,1,0,0,0,0,0
0x00676065a7854163c6a4d5f474496514d03e31c4,0,0,4,0,0,2,0
0x00685230359bdb9e16704e1d3918b553e9a015e2,2,1,1,0,0,0,0
0x0069e491f2ed9e562a7c9c92ba40f73d946718e0,0,1,0,0,0,0,0
0x006b4425ba57148466c0c54af1c484348a14a8a4,2,1,0,0,0,0,0
0x006ff3494c04680cfbf39b0396054486f3f6ad32,3,0,0,0,0,2,0
0x0073db4d9d92c22e3683058dc92c0b6e5edc639e,3,0,0,0,0,0,0
0x0073e5e52e2b4fe218d75d994ee2b3c82f9c87ea,0,1,0,0,0,0,0
0x0074d43246adc737101eca26bc8681c481d10ae8,0,1,0,0,0,0,0
0x00762964227f2db1b8c811db1672c97b0ed47946,1,0,0,0,0,0,0
0x0078bd770f55a3c6b8f3b3d2a0c21fcac8a92394,3,0,0,0,0,0,0
0x007ac2f589eb9d4fe1cea9f46b5f4f52dab73dd4,2,0,0,0,0,0,0
0x007b749fd9c28455f03a57c005f4249693550e51,1,1,0,0,0,0,0
0x007df6ad281cbbb9e0e9373654fe588b2bd3b9af,0,0,0,0,0,1,0
0x007e7c474a1abb8fdc1cd012b98ca3682a09e42f,1,0,0,0,0,0,0
0x00817122beef212ac22e65fc0fba8bc065fd5f66,2,0,0,0,0,0,0
0x0082f8addb9c0d6cc27783d41198300b4cd2e19b,2,0,0,0,0,2,0
0x008d3c9e91f8abff45f39eb71b316a0606c6d378,1,0,0,0,0,0,0
0x0091e27b9ef50427ad431be70dc441f9f6639d78,0,0,0,0,0,2,0
0x0094110c81183740c23d561818500ce0c8222d8b,1,0,0,0,0,0,0
0x0096dc2246fc3627cc2bf87a3b0d2e0f87b58589,0,0,2,0,0,0,0
0x009725f31c561a64c30c89e74adb995c570330ff,2,0,0,0,0,0,0
0x0099fe4ba54d6f91e7c3da9fc1c70b5c9c440516,0,0,0,0,0,1,0
0x009b40aab0ec2d4abd696db7b0cfce5c24eb9114,1,1,0,0,0,0,0
0x009c80eff4f5d8fca2b961ee607b00b9c64ef9f2,0,0,3,0,0,0,0
0x009ef15c147ff4c0eb373e1abd2f4d184e5cb916,0,0,0,0,0,2,0
0x00a0cbe98e4d110b0fa82646152d77babf2951d0,1,0,0,0,0,0,0
0x00a77b5b45d477cbf0438b9d0d8e8ab6a58ca99a,1,1,0,0,0,0,0
0x00a8671dee8a84262945bb163036265901293789,1,0,0,0,0,0,0
0x00b7c7a0035ce65484dc559595076d3ba9233f31,1,1,0,0,0,0,0
0x00b8b059f132009e5a812f27cc42733d135915df,2,1,0,0,0,0,0
0x00b9034425e357bf61b4abeb22299ec4a62c725b,2,0,0,0,0,0,0
0x00bdae34d971e4798a1d0f5550b369dd1057b57c,2,1,0,0,0,0,0
0x00be721be5e52da3a7e3e3e1dd871bbc5e1c17fb,0,1,0,0,0,0,0
0x00c2982959f852abbdb0f5ec023609ea1ca579e8,3,0,0,0,0,0,0
0x00c315ac9ff89bb6afa7524cd159f0a9766e8c89,0,0,1,0,0,0,0
0x00c7221d5fbdaab1448675a156876efb885a6449,1,0,0,0,0,0,0
0x00c7df5b7d09b3f42525f5c956b17882de47de6b,0,1,0,0,0,0,0
0x00c8decc1ca373a99f1c2a341be50f03d35e03e7,2,1,0,0,0,0,0
0x00cf36853aa4024fb5bf5cc377dfd85844b411a0,0,1,0,0,0,1,0
0x00d39ceeced93c6f8908f83535fb4f9048320b0f,1,0,0,0,0,0,0
0x00d53126139c547c7bd4f4285fc3756c2f081ab1,1,0,0,0,0,0,0
0x00e3ea0019005cba812824d95814d7133ed616b7,1,0,0,0,0,0,0
0x00ea6f91b00e080e816f1bb2fad71b0fe1528983,2,1,0,0,0,0,0
0x00ec5112673b69bd5f545dc6a3bede8674f878eb,0,0,1,0,0,0,0
0x00ec953a3a3dad27da4f70d7e5be12dc08ef2835,2,0,0,0,0,0,0
0x00f634a0bb03416816f8829928ef7d776f798414,0,0,1,0,0,0,0
0x00f90986cdd79744409f8a3c7747064afa4473b5,1,0,0,0,0,2,0
0x00f9f4f3ced5d4f6aedea8a92414206557df7167,0,0,0,0,0,2,0
0x00fa44d91d7541d16dd18a48dd6a011de5e887df,0,0,1,0,0,0,0
0x00fbe7398d9f0d53fbaef6e2f4c6ab0e7c31f5d7,0,0,1,0,1,0,0
0x00fc2e075bc935c7c4283d277b90e6b9c822a105,0,1,0,0,0,1,0
0x00fee04ea211711aaeb18a562be88c140cff4c24,1,0,0,0,0,0,0
0x00ff9c740bac8cad80f1a3b1c4f20d7ea1c92637,0,0,1,0,0,0,0
0x010317337fb3e644d5af6738b7756578429270e7,1,0,0,0,0,0,0
0x01058f3806cc9c04e3542de8a284c902f3876f82,0,0,0,0,0,2,0
0x01072869f693ae5842a097bccc13b58891c75efd,1,0,0,0,0,0,0
0x0111ac7e9425c891f935c4ce54cf16db7c14b7db,0,0,2,0,0,2,0
0x0111e8a755a4212e6e1f13e75b1eaba8f837a213,1,0,0,0,0,0,0
0x0114289efe38186b732d12c07a1ce4341e266513,0,0,2,0,0,2,0
0x011585ba96aa16b803e239defd807465073b883c,0,0,0,0,0,2,0
0x0117761e3669cce27e5599d88e4355e027989a44,1,0,0,0,0,0,0
0x011a94df7ccf7eb28409cefc9d825f24c75b3c74,1,0,0,0,0,0,0
0x012233b3c8177f0778d910ed88170b82de3bfe57,2,0,0,0,0,2,0
0x01245dd1a01affe844ea89ef9176a9f910cf8a67,0,0,0,0,0,2,0
0x012bc399c3e8b75a506c9ff2b7ad413641f33102,0,0,1,0,0,0,0
0x012fd5049a203df08c02fb2e0ed15ceed10d9ed4,1,1,0,0,0,0,0
0x012fdf3183798f902314dd1f633c7bc61777619d,0,1,0,0,0,0,0
0x013183d8e0a14a843aa3bc170a29f959d9614d28,0,0,0,0,0,2,0
0x0135ff54aa9547d0305528dd06275bc5fb174cbd,2,0,0,0,0,0,0
0x013620bf5142f9d8487e92c1d514c38e1b086613,0,0,0,0,0,2,0
0x0136d46ed3373ebc023c416c3dc6fbcd80b6da8b,1,0,0,0,0,0,0
0x013bf75820343cccc2cffda666bf4d5f7891e35c,6,0,0,0,0,0,0
0x013f7a6b98010e85fd4c8887d30f48c409b5643d,0,0,1,0,0,0,0
0x0146baf3666f7cfc1292ec46e7248aff22b4b8de,4,0,0,0,0,0,0
0x0156888f51d68f858ac88aba45df699e2af2e4cc,0,1,0,0,0,0,0
0x015a06a433353f8db634df4eddf0c109882a15ab,2,0,0,0,0,1,0
0x015ccd5ad83e95b5cb91b920f689ea329d096190,0,1,0,0,0,0,0
0x01628c3308f798362f89886bdac1506e0b33a045,1,0,0,0,0,0,0
0x0165d355ee4e4c2cb8fbcc740f63c6fa66f92919,1,0,0,0,0,0,0
0x016f9f847b4a2f8882aa64627e61991690520786,0,1,0,0,0,0,0
0x01736a779d889cf048f7a7b5f55ea5c3727bd0bd,1,0,0,0,0,0,0
0x0174312e4aef436606ffdeb4d05d22fb68f36ba0,0,0,0,0,0,1,0
0x0176d6746520dd73c2db032348530520d64e074e,0,0,0,0,0,2,0
0x01788f22bc0b685eed38a39df43b1ed5e4cb72aa,4,0,0,0,0,0,0
0x017a5d8d82afaa22bc29d75013d6ff3656e90851,3,0,0,0,0,0,0
0x01805928b325078683818329526dab3f74865e10,1,1,0,0,0,0,0
0x0180ec945191fda23c52b1d05eec64a2e3f68781,1,0,0,0,0,1,0
0x0188404de3811357ef0157f9b3aeeca7d32d3b68,1,0,0,0,0,0,0
0x018a5118019cc0cd453e49217374250177be5970,1,1,0,0,0,0,0
0x018b7f23490a23fe29a33d3c8f92fe445c1f7a5b,3,0,0,0,0,0,0
0x018b987374705565c648c5494ace533e88734c1d,2,0,0,0,0,0,0
0x0193cba9762dfe203a34bd895d0ddf4d876e0f98,0,1,1,0,0,0,0
0x019d7e5ae8d2ba9a292244311dc7355058ab1b08,0,0,0,0,0,2,0
0x019e41a2acdffafc0303e840fbd7934234e68f45,0,0,2,0,0,0,0
0x01a922de9af2c1158dd947ea5b794f0dd995c7df,1,0,0,0,0,0,0
0x01aec44dd1be1bf86f4fe4f768fc8fd46008b166,2,0,0,0,0,0,0
0x01afc37f4f85babc47c0e2d0eababc7fb49793c8,1,0,0,0,0,0,0
0x01b1ccae68dc41d8a2a0f48e8f0d38b0c064ef43,3,0,0,0,0,0,0
0x01b90ee8249afdf628f738af4a2a8ffd7b8434ed,2,0,0,0,0,0,0
0x01bbec6573ed7eca0f307a10d2b4ceb669816b4a,0,1,0,0,0,0,0
0x01bbef7b099128a2675d619567ab449ec9a04fe1,1,0,0,0,0,2,0
0x01c627181089b6e10ee8316ec08516b3df7c4845,0,0,1,0,0,0,0
0x01c91a1b352a2903bc8378e5f645c9bc8685029e,0,0,1,0,0,0,0
0x01cd3d9df5869ca7954745663bd6201c571e05cf,1,0,0,0,0,0,0
0x01d174f95cd17d0b5b24f1f89a35cfdb37929b30,2,0,0,0,0,0,0
0x01d28329619796bae733e849696f80a764422700,0,1,2,0,0,2,0
0x01d5d0108589f3c52fcce6e65503bb6515e66698,1,0,0,0,0,0,0
0x01d614b9914342b7cbb798b1eb392460a05b3b4c,2,1,0,0,0,0,0
0x01d6208f95cf2292c350fc8bb1b1f29230352675,0,0,5,0,0,0,0
0x01d706ed109e2038ae3261e30a1ed1af207a9d2c,2,0,0,0,0,0,0
0x01d9c3baeb4a7b22a8742e07e9158ff7ae10737c,2,0,0,0,0,0,0
0x01dae2898900622f79c5d09e7363693cd1f48be8,0,1,0,0,0,0,0
0x01dd3a4ab1141c15ac91fbc7d5cf167f45b27d09,0,1,0,0,0,0,0
0x01de6c63735b18d2ef28ab9e01a85cf227be8ab6,1,1,0,0,0,0,0
0x01de9415d1ae14ab755186bea22923afe2934d82,0,0,1,0,0,0,0
0x01e0f57c42bf976676ea1daa1b04d69aba6bdaf3,0,0,1,0,0,0,0
0x01e4031d7338c3ae80233b1d66c96d85be98ff90,2,0,0,0,0,0,0
0x01e53a2e7122a63845b1c329d4fce8124dda5b06,2,0,0,0,0,2,0
0x01e579be97433f861340268521a7a2ab9829082c,2,1,0,0,0,0,0
0x01e6a8af629cc06ff37755a61d9e7dd1135d8c6a,0,0,1,0,0,0,0
0x01e799ebd5d11ddeea11e30466ce117b86726458,0,1,0,0,0,0,0
0x01e7cda08c0b80380430f29fcdf6f43fe3d2cbef,1,0,0,0,0,0,0
0x01eacc3ae59ee7fbbc191d63e8e1ccfdac11628c,1,0,1,0,0,0,0
0x01f79a6d6023c3b7d66144a14a1a0513e0077fce,1,1,0,0,0,0,0
0x01f8c4e3fa3edeb29e514cba738d87ce8c091d3f,1,0,1,0,0,0,0
0x0200412995f1bafef0d3f97c4e28ac2515ec1ece,0,1,0,0,0,0,0
0x020c710646e23ab868dbe5b88004892797fe4efb,0,1,0,0,0,0,0
0x020ddc98365d0199b4c7a2d769d685480789f67e,0,0,1,0,0,0,0
0x02169578b41b8f7f5f2dd0491aa2682a13196c44,2,1,0,0,0,0,0
0x0217495d71d7246205bc1b1039dad814d0c0c192,1,0,0,0,0,0,0
0x021dd0713bd2532ba532084fe9569d55f8c1f09b,0,1,0,0,0,0,0
0x021e5e6ab3efe5eb0c060b4c4c523c7470787ef5,0,0,0,0,1,0,0
0x0223fc70574214f65813fe336d870ac47e147fae,1,0,0,0,0,0,0
0x02242d41c54f261a85ac8e8efa7046a3dfd53113,0,0,1,0,1,0,0
0x0228528581c01a303d59d8cf6b72bd5a5d219458,1,0,0,0,0,0,0
0x022882d9fcf023e57926e4e01d1b137aabd93416,2,1,0,0,0,0,0
0x022de5f5d6df5624487d9c51b0d496f9d8721878,0,0,0,0,0,2,0
0x0232ba609782cea145ec3663f52cf7aeb4ac773c,0,0,0,0,0,2,0
0x0242514106114deaa99fd81574142c36edb03b6d,0,1,0,0,0,0,0
0x0248f089a622b74cebaa62573605af9a44966bf1,0,0,0,0,0,2,0
0x0249a616e4559f560aa30fa0e79d634603161b3a,3,0,0,0,0,0,0
0x0254ffd95dd7c8e27d4c7a32e24464196efcc852,0,0,0,0,0,2,0
0x025abad9e518516fdaafbdcdb9701b37fb7ef0fa,2,0,0,0,0,0,0
0x025cc54e5209b3e68ae0116ccede1a71ec313a87,1,0,0,0,0,0,0
0x025d803c0e087e88aa7021984dcd87dc0a25be13,0,0,0,0,0,2,0
0x025dce2d39a46296766db7cac8c322e8f59cd5d9,1,0,1,0,0,2,0
0x02630ee76bf9d321fc6ec109b1b5c076f2dc951e,0,1,0,0,0,0,0
0x0267ee183beebdb7f931afe41e4e25352195b871,0,0,1,0,0,0,0
0x028ff933bd86bd4d699b1643477f858626482d35,2,0,0,0,0,0,0
0x029606e5ec44cad1346d6a1273a53b971fa93ad6,0,0,0,0,0,2,0
0x0297fdbcb9c2023bc05ad44c9f6e69b0ae6261ce,0,0,1,0,0,0,0
0x0298d4d15bc4294386b05e5185d3833fc76924b3,2,0,0,0,0,0,0
0x02992370df72da5b039c3a6249beb27c487e63cb,1,0,0,0,0,0,0
0x029af1f2c753c458c1e7fa04428e78cbe2eb09a7,0,1,0,0,0,0,0
0x029fa59111136ce592e136760a1df1d4a6cd564b,1,0,0,0,0,0,0
0x02a64460d4bc9cfd31137c778f3e62698696783e,1,1,0,0,0,0,0
0x02aa481223f81b30ae9ccd4845ebfc3d4f4be068,1,0,0,0,0,0,0
0x02b3c88b805f1c6982e38ea1d40a1d83f159c3d4,1,1,0,0,0,0,0
0x02b46985d243001b3de2ee0b68793016c9ca6843,3,0,0,0,0,0,0
0x02b6700c0282a687d66f3e09723bed55f23d5b83,1,0,0,0,0,0,0
0x02b7b8e795abdae90b48a00f720ca9f5a07802d1,1,0,0,0,0,0,0
0x02c11f38bec96eb38c4dc2bcc8d669ae676fd7a9,0,0,2,0,0,0,0
0x02c60d28be3338014fef3fdf50a3218b946c0609,1,1,0,0,0,0,0
0x02c86846887faa1d964a838dc50739b49c8329bc,0,1,0,0,0,2,0
0x02caceb4bfc2669156b2eb3b4d590e7ac10a4e73,1,0,0,0,0,0,0
0x02cb5958a36145efbacb99fac2614657bf20d4e8,0,0,1,0,0,0,0
0x02d3aea48b443a0026ed9cbc91b97d7335aba323,1,0,1,0,0,0,0
0x02d507503f52c4238bf1f24b42cb884c3f25e1fd,2,1,0,0,0,0,0
0x02dbe2f315e059743376abcd22ab4908ea9fb02d,1,0,0,0,0,0,0
0x02dd48ff449f57a4632c39068e0ca0f4325c3a8d,1,0,1,0,2,0,0
0x02dfbfc054e01a2d1bb2b63fa0b017daa7589290,5,0,0,0,0,0,0
0x02e492fc1ef9466260d91d087057de601b874b7d,1,1,0,0,0,0,0
0x02e582682aa7b4dcc3f7574c468ef61b29545404,0,0,0,0,1,0,0
0x02eebe04031cb7dd33ca76c8947059c8f8549ff1,3,0,0,0,0,0,0
0x02f2d4a04e6e01ace88bd2cd632875543b2ef577,3,0,0,0,0,0,0
0x02f61fd266da6e8b102d4121f5ce7b992640cf98,0,0,2,0,0,0,0
0x02f66a7d5657ee67be39349988aa1f944206ead3,1,0,0,0,0,0,1
0x02fb7aefda436d5632e796ef49a607e4e3cdd342,2,0,0,0,0,0,0
0x0305b4ccbfd603d92ca0d5eae752000273e26a60,2,0,0,0,0,0,0
0x03067b2a3208c15013edac9461c600236af3a9f0,2,1,0,0,0,0,0
0x030c32c1190cbf077e5ee67ed19572c558e43ae4,1,1,0,0,0,0,0
0x0313f9c5fa5338bc00e416ceae577038e5fa3e28,2,1,0,0,0,0,0
0x0314df8e5f5acb4c6cfea17babf5b216f0a687db,1,1,0,0,0,0,0
0x031640094f86306e0bcd5813ff9c3ce10ea9c411,1,1,0,0,0,0,0
0x0317ada015cf35244b9f9c7d1f8f05c3651833ff,0,1,1,0,0,0,0
0x031ac79c8e01adbd6f305578107e5424f10dfbef,1,1,0,0,0,0,0
0x031b042210b3f22f4aecfc75dc317f1e2c96b98c,0,0,1,0,0,0,0
0x031e0c6a7c91df1bc171d33cccc6988fd2ddeb6f,4,0,0,0,0,0,0
0x031e8de47dee0fdde1969a93b64bb8f8fbcba65d,0,0,2,0,0,0,0
0x031f7f7749247e0913aace12002cf61f039cd7b1,2,1,0,0,0,0,0
0x031fa6be087416386ab6b85fe97a0856164821c2,1,1,0,0,0,0,0
0x03200f18368a33906491df56b74cc97986fbdbce,2,0,0,0,0,0,0
0x03209bde47da583547c17c47e7ca74bfa3dfb404,2,0,0,0,0,2,0
0x032386ec0048f527bb611a913ff88bca54e7e81d,1,1,0,0,0,0,0
0x0326ade59900f4e99e029362a076063a6d542a58,0,0,0,0,0,1,0
0x033030feebd93e3178487c35a9c8ca80874353c9,0,0,0,0,1,0,0
0x0333a8c69858382840ea4980d5550fcc632342f0,0,0,1,0,0,0,0
0x03347abb58cc3071fdbba7f7bd7cca03c8e04229,0,0,0,0,0,2,0
0x03358425ada4620246dd703dc1f2246b8e148d22,0,1,1,0,0,0,0
0x033cd75f262503e43c1350f1beb7ec88e0dc9e19,0,0,0,0,0,2,0
0x033d46d15ad9b5653cbe61be97371023acb11f94,2,0,0,0,0,0,0
0x0347f0e12c173339a87c811b13f3f1e33abf71d5,1,0,0,0,0,0,0
0x0348023f108eb878750279c5525e4c91318b2bce,2,1,0,0,0,0,0
0x035070be3ae4be1f69245214a4343a723c30232b,2,0,0,0,0,0,0
0x0352e1aaeeaa975b3aadfe1f5fc9ee2bf702ffd1,2,0,0,0,0,0,0
0x0353813310f99e7f26cbee085917d0de5964d386,1,0,0,0,0,0,0
0x0355e9f793acaf4c007e436b139dc10a965edc48,3,1,0,0,0,0,0
0x035611f47a13f3603109152952f0034c674959ba,0,0,0,0,0,2,0
0x0356e14c2f8de339131c668c1747def594467a9a,0,0,1,0,0,0,0
0x035c8119a68a8f762fe2731fa190a5afcba653a3,1,0,0,0,0,0,0
0x0364a98148b7031451e79b93449b20090d79702a,1,0,0,0,0,0,0
0x03684715e3a614ec80d1b31b62987e0b25925999,2,0,0,0,0,0,0
0x036a98e540599dae4a9778335ffabe6ca01ca705,2,0,0,0,0,0,0
0x036ba95116edf4f79d5c0da9639ed1f31b1ebcd9,2,1,0,0,0,0,0
0x036d80f9abe266b7c6ec0a9bd078fac3a90d4239,2,1,0,0,0,0,0
0x03702910bd90cfd32f23a79e9d0d2d7f31bf51f7,0,1,0,0,0,0,0
0x0374b22e0727302e0d8db783726c7ec4989f88ad,1,0,0,0,0,0,0
0x03759d243e7bccf0229497527f8cc98601011b57,3,0,0,0,0,0,0
0x037d67c29f19a5451c731312a4c02043143c61ca,0,1,0,0,0,0,0
0x037e79e1342cb1281e88a0740833897817e5c02d,1,1,0,0,0,0,0
0x03805a2347e4d0c07b7159d8f8f8f8b1482c1425,1,0,0,0,0,0,0
0x03834852f2889ddf286104bc771371c764be1fc6,3,0,0,0,0,0,0
0x0387e4368bf7ddcea744c7657bd4d2168bf9a1f0,1,1,0,0,0,0,0
0x0389be0964125349c47309fa40d1f7f5f061c9d7,0,1,0,0,0,0,0
0x038ada8452ae3764f84a9f3e809b73de7938ae45,1,0,0,0,0,0,0
0x038d5044c7a8e7146763524f84f8850e2805673b,1,1,0,0,0,0,0
0x038da599a137f89f49b43cd0d561d5e159058b60,0,1,0,0,0,0,0
0x038e20839aebfe12b7956adcbc2511f6f7085164,1,0,0,0,0,2,0
0x038ee87d74a14adf58eb71075ec9a0910fde353b,0,0,1,0,0,0,0
0x039b5649a59967e3e936d7471f9c3700100ee1ab,1,0,0,0,0,0,0
0x039dbff00f2b4b0da89c60a1870cbfbd726b6cb1,3,0,0,0,0,0,0
0x03a2f2eb836fdd6ef462edc65bccd358ba1f2375,1,1,0,0,0,0,0
0x03a7ec8d4712a31c46cf264a4aa7d37915b07d47,2,1,0,0,0,0,0
0x03a897c8d7d21688ae0a49ea087836b2667c2cc8,0,0,0,0,0,2,0
0x03a9458d77dd705829fa758c64dbe770385295cc,2,0,0,0,0,0,0
0x03aa119cc70143f57b482afb96beb724609f52bf,3,0,0,0,0,0,0
0x03aa13998842a506dbce6f2c10a19deca7ee68e2,2,0,0,0,0,0,0
0x03ab35f764b00c4dec653cc6ceac35a3efcd3482,3,0,0,0,0,0,0
0x03ab65aa0a900e4df97ed8f3b316a261cef5affc,4,0,0,0,0,0,0
0x03b0be689f36f383568d0a2486834cc6ceddda50,1,0,0,0,0,0,0
0x03b267325193fd0c15ca0d2a693e54213c2afcb6,2,0,0,0,0,0,0
0x03b6609aaceccec42ef526a35b1bd5d728874ea4,2,0,0,0,0,0,0
0x03b7dcf4e018031c39f21a6e99632ccbf72c79a2,0,1,0,0,0,0,0
0x03b9532d3f440fdf9a2f67938b5ad2f578b678bf,0,1,0,0,0,0,0
0x03ce85b4017119f23f023e1374736a8059c03c31,3,0,0,0,0,0,0
0x03e5279e6a8acf5e81d70aaaf7791f497ff5aad9,1,0,0,0,0,0,0
0x03eff7f353aeebea3ac5f23a6e9e844581ff5ef8,1,0,0,0,0,2,0
0x0404ecdc2f2db455a263507863073ec3d725f8ba,1,0,0,0,0,0,0
0x04084c8780f60c02700b0a4da3724defc052ae76,1,0,0,0,0,0,0
0x041fe8df8b4aaa868941eb877952f17babe57da5,1,0,0,0,0,0,0
0x04247b9b59091b349eb60e429fe7dbc99fdad34b,2,0,0,0,0,0,0
0x0436d3110dee47f177bb5d9b7ea5ce5d712522e8,2,0,0,0,0,2,0
0x045b1dd8dcb653e57ff8542f8bc6a972970e0944,0,1,0,0,0,0,0
0x0460dcb54214fdf68302b4c733ad7ed827dd6592,1,0,0,0,0,2,0
0x046ec9bb312c51425f7a00b2ab7525afe7db52e6,0,0,3,0,0,0,0
0x047a68fc8aaa9109346c726c696986f4b5792658,0,0,0,0,0,2,0
0x0485d2be00eda257b6e7868950616ad2a8cc44b6,1,1,0,0,0,0,0
0x0486506702b47fd838f3b8ead7fc9509f012f4a7,2,0,0,0,0,0,0
0x04874548a2c233f57ba13c4d4cdee73c29811322,2,0,0,0,0,0,0
0x0487fc87df11933ace3c3dd98e287fd53c2109b4,1,0,0,0,0,0,0
0x0488401c3f535193fa8df029d9ffe615a06e74e6,1,1,0,0,0,0,0
0x048f616fcc4dd825f4a0a3b095d2ef70046b30c3,1,0,0,0,0,0,0
0x04950c94f4cbf9b3eb7b3ddd48e6aef176e3f73f,1,1,0,0,0,0,0
0x049a5bf874f241d94232137ef728a9c7dd0d7550,1,0,0,0,0,0,0
0x04c21da065bda1f4780495693ff1b952468ee151,0,0,0,0,0,1,0
0x04c2f74f7ce126ecbf39a89d8179f228dafbc500,0,0,1,0,0,0,0
0x04c874b39ed85a95043f170090fb68c379e3741f,0,1,0,0,0,0,0
0x04ebe325519223119ab6bde2b84e23a6ecd05d65,0,0,0,0,0,1,0
0x04ed15fa8c47778589c1bf3451e0de25c1eed3ae,2,0,0,0,0,0,0
0x04f2e7221fdb1b52a68169b25793e51478ff0329,0,1,0,0,0,0,0
0x0500d5751bb0341e3e8173869cd4e04bc4ad6dd7,2,0,0,0,0,0,0
0x0510657eae43aef3a8c7113655637a3710ec7018,0,0,0,0,0,1,0
0x0513ce8013f27a47a0088ffaac94fbb0fe6309d8,1,1,0,0,0,0,1
0x051f73eaf3f93b0b5440cc1381cb604f1457a6d1,1,0,0,0,0,0,0
0x05215fce25902366480696f38c3093e31dbce69a,2,0,0,0,0,0,0
0x054d5ffadd9aa805544b774681b9fbdec72ca57c,1,0,0,0,0,0,0
0x0561fb9c7c4fd6877cc3e8e51036e7d7bcd8f23a,1,0,0,0,0,0,0
0x0569ae13ee0039ac53c8457434288d92804df820,0,0,0,0,0,2,0
0x05805bd4f45f62d283646a330f0c1b31cb3d351d,0,0,0,0,0,2,0
0x0595d187cac88f04466371eff3a6b6d1b12fb013,2,0,0,0,1,2,0
0x059accb493f5a47dc97cc0443aeec8a3fd2591c1,1,0,0,0,0,0,0
0x05abd85cc4424cbb7029b9a078f2c58793fd3e14,1,0,0,0,0,0,0
0x05af72594440cf75c0fdcbbd9993fc26f62c7afc,0,0,0,0,0,2,0
0x05b04cb2c29691d3f9ce74e6aa3c69548da3bee2,2,0,0,0,0,2,0
0x05b075b00cd4779e53dd646759b3c1087b37986a,2,0,0,0,0,0,0
0x05bb30a1f820add4772b44a808ee9024ce82b34c,2,1,0,0,0,0,0
0x05bc1d3454405d4767960efeb3cec216a0dd15f3,1,0,0,0,0,0,0
0x05c848e3547bc3ccd977b84140fdc917bfff96a1,2,0,0,0,0,0,0
0x05d2b0239e6646765865abe47a72202916caf559,1,0,0,0,0,0,0
0x05d379b48a8622ae4018309e116420db4a38a225,1,0,0,0,0,0,0
0x05dab93a76f33fdb225e0a05cafbdd41612b88b6,3,0,0,0,0,0,0
0x05e7039c7afd77157845d9a4f1750b8ca93ec378,0,0,0,0,0,2,0
0x05e886072ec32a5d4273ce451483a7693cb812e4,1,1,0,0,0,0,0
0x05f5fc11bca851ee261e205857e52ea5c830ae88,0,1,0,0,0,0,0
0x06173382064e80ef6652e7c970eeb8c8771ca8df,2,1,0,0,0,0,0
0x0618822550a8483176e7b8cf7ce57cc26294a927,1,0,0,0,0,0,0
0x063115687340eddf0468cfabea4f3770930c119d,2,0,0,0,0,0,0
0x06373e227fc3855b0f646db3ed4eebe0f58797f7,1,0,0,0,0,0,0
0x0650f6bc4cf3a75bc943bd6efbd1d7e34a74ffd7,1,1,0,0,0,0,0
0x065313f29dc4a4b8b5fc4915059d122065519957,2,0,1,0,0,0,0
0x065d6fccf3bcc50e37e875479511f5ca656b98d8,0,0,1,0,0,0,0
0x066771118888b07539988963e29ffe99d6e62fd1,1,0,0,0,0,0,0
0x0669398307efefb60030ff328a0cb6a3a840182c,2,0,0,0,0,0,0
0x06779e2a75cc5b7ad2c14cf98d88cf2cfcfcc6f1,1,0,0,0,0,0,0
0x067d488a1fc741cf3c928b17aa6f23a939e96c4c,1,0,0,0,0,0,0
0x068a37f2b086f1909a65c195fa084006acd6a79f,0,0,0,0,0,2,0
0x068ae20c4938821442cefba1716e1f7a4696897b,3,0,0,0,0,0,0
0x068e6d2c5b82049dceb93c0a938ef366cf97b2e9,2,0,0,0,0,0,0
0x0692de52a966c107021e8a84db8486b4be57ecf1,0,0,1,0,0,0,0
0x06badfdacd3e80e4974e8419153114f6159e4851,1,1,0,0,0,0,0
0x06bb6701983e126f31a4c20d6becb12dfd70709e,2,0,0,0,0,0,0
0x06c299dbd4d53ee82812c15bc4c997a2a998dd9e,3,1,0,0,0,0,0
0x06cda3b81bcc049c6e379ab394adb851d2844c31,0,1,0,0,0,0,0
0x06d66e857dd5fc55cb9fa29fa125a0b35fa63c18,1,0,0,0,0,0,0
0x06df6fdbf7629c71aee3f468ba1ab702fa0abec9,1,0,0,0,0,2,0
0x06faa4d8157ba45baf2da5e7d02384225948d54f,1,1,0,0,0,0,0
0x06fba879216e50fbc51e5b99cc264026a0152374,1,1,0,0,0,0,0
0x0704d3952dc50e8a36a8cb53f84d8c39895cd5cf,1,0,0,0,0,0,0
0x07055b86840c83c9f0875b8658967cc81b50d333,2,1,0,0,0,0,0
0x070d026502014919ba0b80cb470ee461210185fe,1,0,0,0,0,0,0
0x073e957bc883693f15ecb14bfced3e8ffc8654c5,0,0,0,0,0,1,0
0x0744a686c17480b457a4fbb743195bf2815ca2b8,0,1,0,0,0,0,0
0x074661068c2cbca51dde811871554d2fa5bae312,2,0,0,0,0,0,0
0x0747af71e2034bc2d2fcad388a264f5ccdff505c,3,0,0,0,0,0,0
0x075e3b0912f61fd347900c8130a253f29e4c7201,1,0,0,0,0,0,0
0x078b0d7bd07349248fbacf4cdea2bcbe046fd342,1,1,0,0,0,0,0
0x07b2f3fbfda96208704e14068a50144f2ec6a37c,1,0,0,0,0,0,0
0x07c206f253605a9ac4e21a9cf99d7841e8636468,0,0,0,0,0,2,0
0x07cc9f7ca5224938f25d080dd4bff84f6a54b974,0,1,0,0,0,0,0
0x07ce333ec45618d838c32e60cee5cb1ce389e06e,1,0,0,0,0,0,0
0x07e76a4c93ea197cb578fef37d046972890df61b,1,0,0,0,0,0,0
0x07ec6c3159c2336ba36ab41f73411f8fee430470,1,0,0,0,0,2,0
0x07f97762b59899a0b8d4ef179367bd05226bb338,1,1,0,0,0,0,0
0x0805000b0074d37391eeb58bf141000000d3c300,0,1,0,0,0,0,0
0x083279e98e3b796ad1a25a103cb8b98f2929ca4c,2,0,0,0,0,0,0
0x0838524d3ba16e7f9433ab7f914847f1d38b53e8,3,0,0,0,0,2,0
0x08447b2ef9c568aa6feefbc6fb6986792e2d9a43,1,0,0,0,0,0,0
0x0850fd76fa34a1009e31a689b45aee9d3c71b121,0,1,0,0,0,0,0
0x0868ce9bb32f4abedc83190ba5960a2863dc8646,1,0,0,0,0,0,0
0x087a7d49415371f3eaee702a94466603770a5f04,0,1,0,0,0,0,0
0x088674acdb4f6ac52fa46f8334955e34b00b0b36,3,0,0,0,0,0,0
0x0893f86c83adad33cc79d5233f2ffcd96272a5c8,1,1,0,0,0,0,0
0x089a6d83282fb8988a656189f1e7a73fa6c1cac2,0,0,1,0,0,0,0
0x089b85fa15f72c1088cbbef23a49db80b91dd521,2,0,0,0,0,0,0
0x08b4c866ae9d1be56a06e0c302054b4ffe067b43,1,0,0,0,0,0,0
0x08d88845df68222fc8a1e631ab1817f1660766c5,2,0,0,0,0,0,0
0x0cddd1094b8331b63191282f9b73cf609e139ac4,3,0,0,0,0,0,0
0x0cddd3191b99127f7014195a6f2cb71d0c4077a6,0,0,10,0,0,0,0
0x0ce4c6fd22c23ccb31d8e6f98ab79a6b6313c634,1,0,0,0,0,0,0
0x0ce6d5a093d4166237c7a9ff8e0553b0293214a1,1,0,0,0,0,0,0
0x0ce95ef378059f38c5fa21e6d81a5895c0d9911b,0,1,3,0,0,0,0
0x0cefd610196f0eec6c009cd42482eb3571308581,0,1,0,0,0,0,0
0x0cf1125c00b054044aa4f0fc8c4807ec98216fbb,0,0,0,0,0,2,0
0x0cf2437ebed77cbd139e018f5277261e20b544b7,2,1,0,0,0,0,0
0x0cf55facee33ed2827d78ad2d113efe0aa80a92b,1,0,0,0,0,0,0
0x0cf713b11c9b986ec40d65bd4f7fbd50f6ff2d64,2,0,0,0,0,0,0
0x0cfa149c0a843e1f8d9bc5c6e6bebf901845cebe,1,0,0,0,0,2,0
0x0cfa27cfd97134aaa8ae4a2f6753094dfab96393,0,1,0,0,0,0,0
0x0cfae4866c11cf6194d787cf76d479e28a7cc577,1,0,0,0,0,0,0
0x0cfda67b0067f1a99deb1cb80e0273a3f26d317c,1,0,0,0,0,0,0
0x0d00fd58ea71bac05b307d46c7ab389b29219a8f,1,1,0,0,0,0,0
0x0d02d0b11656809b40c8705f5e9d2d8d21249a10,1,1,0,0,0,0,0
0x0d05705609c00b4342d05a947420e417782d184f,2,1,0,0,0,0,0
0x0d068b35c5eda0fe336fe629718c00dbde36d27a,1,0,0,0,0,0,0
0x0d09b8d474e312eda0996cb420aa9f5c6b2c1993,3,0,0,0,0,0,0
0x0d0ffa077af9042a7403ad4015dae69c45b1c260,1,1,0,0,0,0,0
0x0d11511ab22ec6e7a87f439a663862f1ec6d4a4b,0,0,0,0,0,2,0
0x0d155aaa5c94086bce0ad0167ee4d55185f02943,0,1,0,0,0,0,0
0x0d15cfff56a4ae7a978955d660bd8e9e5d1d4d9f,1,0,0,0,0,0,0
0x0d1c63e12fde9e5cada3e272576183aba9cfeda2,3,0,0,0,0,0,0
0x0d1e669982c703e9efa19ffd56cb8521298766de,1,0,0,0,0,0,0
0x0d2a65ef3e4c3509f00a3576495bd237f5817520,3,0,0,0,0,2,0
0x0d2dea6d6d6780860431e7c8b0cce6db4ca49a41,4,0,0,0,0,0,0
0x0d3094d335e3986268d7d144de9106a01aaa313c,1,0,0,0,0,0,0
0x0d324b2e732c35162b99bafc63e35b16e6ec54cd,0,1,0,0,0,0,0
0x0d3264ab9ee29bec9534f0f210ca8db3ac4794a8,1,0,0,0,0,0,0
0x0d3456099d32e297805c5b07d9bc0b0b579206e1,0,0,1,0,0,2,0
0x0d380e361f43fa7352ead67dd171fd095e5eb7d0,2,0,0,0,0,0,0
0x0d3b80fe9999e40ab4b3f1fcf6a90e8b946bc5fa,2,1,0,0,0,0,0
0x0d3d475f035705a662f5ab34e374e3c44bb52187,1,0,0,0,0,0,0
0x0d47d4aea9da60953fd4ae5c47d2165977c7fbea,1,1,0,0,0,2,0
0x0d49b24f068a9a3ef60576c7a915ffd6844d6fdd,0,0,1,0,0,0,0
0x0d4d61d5b3e4f46c54d175935881d0faa356fca1,0,1,0,0,1,0,0
0x0d514c490640d6276b5bb5adc52d1453cf11c5a0,3,0,0,0,0,0,0
0x0d53f391d949405350ede7a66c4dd8c034e6c747,1,0,0,0,0,0,0
0x0d547f8b8d7201523a834addbb27e40140ee6f18,1,0,0,0,0,0,0
0x0d5d4c289133ebf3eb685c183a930c1ee2ea4a4f,1,0,1,0,2,0,0
0x0d5eae179709e92b3bff65731158e8291c49eafb,0,0,3,0,0,0,0
0x0d5f8a079042d5071220498fa0f0d7fd2c5fffbe,0,0,0,0,0,2,0
0x0d60a8a5755f863734458f198a712f13a995d220,0,0,0,0,1,0,0
0x0d61178ce25bf05c5b19dc56f30e0f10cbbe9f2b,0,1,1,0,0,2,0
0x0d62b001ca7f2fb4f9458f8585a0bb38a4d8fde7,0,1,0,0,0,2,0
0x0d65efda720f07dbe966c18e7f4d8f48b6a341c9,2,0,0,0,0,0,0
0x0d67440946949fe293b45c52efd8a9b3d51e2522,1,1,0,0,0,3,0
0x0d68560012c430c367e86c4a7d95e3bcd53802d5,3,0,0,0,0,0,0
0x0d6afbb95eec6d35255f8f269c971634a5b3eab0,1,0,0,0,0,0,0
0x0d6e877899956f0936dbe36397fd98683bb2afee,2,0,0,0,0,0,0
0x0d70db256cae067326eb63c09583afddf75f117b,3,0,0,0,0,0,0
0x0d722c159eaacd74eb3fc8ce65832706cf294b33,0,0,0,0,0,2,0
0x0d74fb34583d4e14bf9634bfd1887e86d3c1f139,3,0,0,0,0,2,0
0x0d7b2ea059bbfdc99ee6ae6289939d84397e5b78,1,0,0,0,0,0,0
0x0d7b7b690d74253ffd9795409a6c603b912ae534,1,0,0,0,0,0,0
0x0d7beaa8eb619b6195daa584161be1d52109dadb,2,1,0,0,0,0,0
0x0d83102ec81853f3334bd2b9e9fcce7adf96ccc7,1,0,0,0,0,0,0
0x0d851a1a608f9f6c48f4fac4b4b8d53ac82176fa,0,1,0,0,0,0,0
0x0d853d20b54b8abfacb05fc5e81e8d4395021c01,0,0,2,0,0,0,0
0x0d88ed6e74bbfd96b831231638b66c05571e824f,0,0,4,0,0,0,0
0x0d896c1466cc819606f07a79a3113d779cffae1a,1,0,0,0,0,0,0
0x0d8d9ffbed227c08b1a17ac4dd9eba38c153375c,2,0,0,0,0,0,0
0x0d8f67a5792c156d0244f380a66655b9f4255586,1,0,0,0,0,0,0
0x0d9a437282ba395664ed7d26df2377659a7e16af,0,0,0,0,0,2,0
0x0da1c6228c8e4b666b0ddf4c391bf24e70b7e19e,2,0,0,0,0,0,0
0x0da29f924c83b623ea25aa95eedcba060b8d7e12,0,0,1,0,0,1,0
0x0da76de0916ef2da3c58a97e4d09d501c56a9f15,1,0,1,0,2,0,0
0x0dabaea13982b659ffa03c02307ce1e5a04dc657,2,0,0,0,0,0,0
0x0dae5dc78cc470a5e2f7c7c6b63ae7298e65853f,1,0,0,0,0,0,0
0x0dae7caf45d9c473a8f6ae0d4934e5c3b2dbc371,0,0,2,0,0,0,0
0x0db8d8b76bc361bacbb72e2c491e06085a97ab31,1,0,0,0,0,0,0
0x0dc09ffca9c0cb49913fae2e9c1193c921a714e1,1,0,0,0,0,0,0
0x0dc11b7ed751594906bce3a7091952b30528ee7e,0,0,0,0,1,2,0
0x0dc35ce59014aed7babc16ef0831580a2327e697,4,0,0,0,0,0,0
0x0dc3f6c12741b61e5145c1d05340f8a0315fecc1,1,0,0,0,0,0,0
0x0dc44fb8cfb88cd58628846cdcefff4089d9ac7e,1,0,0,0,0,0,0
0x0dc568fc30eb731b6551848382e53bdf2c47a230,1,0,0,0,0,0,0
0x0dc6a7d4b4f3165abbae838bf9d51e6c0993cb6f,1,1,0,0,0,0,0
0x0dcb6d4a156206da89177aa53c891e5a87d9da45,1,0,0,0,0,2,0
0x0dcc6e4f98e734048689a63b824e89b8a58ed591,2,0,0,0,0,0,0
0x0dce40212e3c689ad502739e283d9c3ac79727bc,1,0,0,0,0,0,0
0x0dcfdb9f5496ed7f62dd0ac019c7daf184a66aef,0,0,0,0,0,2,0
0x0dd1326b7b80107f002ba16dad7fe2dd22f00491,1,0,0,0,0,0,0
0x0dd85300caae26fcf0547231c63c68ea212223b3,0,1,0,0,0,0,0
0x0dd88f1d1cbc9bcdda5ddd9e9fc86e8183f8f3b9,0,0,0,0,0,2,0
0x0de197dc289d680e734ccab866d529505b2638db,1,0,0,0,0,2,0
0x0de1beed64aa3ca5f563a1ba585861748c352231,1,1,0,0,0,0,0
0x0dea9b8e6bf08d6859e29256942916f0cfb884fb,2,0,0,0,0,2,0
0x0dee19332fb83fb343a9fbb722b5395b8e7c9d8d,2,0,0,0,0,0,0
0x0dfb14c2db6c9824d3210ed7e2689e1a51a8e954,1,0,0,0,0,0,0
0x0dfb8da77a4067bd45f229e0e5185d8123a2dc7f,1,0,0,0,0,0,0
0x0dfdd839cde95dabf56f0b5c5698e0159138930d,1,1,0,0,0,0,0
0x0e0a86c97a07856d68bf3387aeb9430dbab93245,0,0,0,0,1,2,0
0x0e0e733dd24168d85ecb5a62bb13385d31edf761,0,0,0,0,0,0,1
0x0e1461b78757f003d3b336f8e528b152ab5e5e6c,1,1,0,0,0,0,0
0x0e16923571c50a48b4f9b3b8319606ef8d6106ae,2,0,0,0,0,0,0
0x0e171f41ac484d283de20e9a02eac893d430a016,1,0,0,0,0,0,0
0x0e196756338053ba6a4e17cf2114b34cd7c967f7,1,0,0,0,0,0,0
0x0e21902d93573c18fd0acbadac4a5464e9732f54,1,0,0,0,0,0,0
0x0e2354b2ea4a6312009b228d5171bf6a02c51150,1,0,0,0,0,2,0
0x0e2537a82b18a12514ec1073806dafc66f9ade85,1,1,0,0,0,0,0
0x0e33ca464b1c76a384039eb1b7e9dc3b0416b5ae,0,0,2,0,0,1,0
0x0e3abf45855fbaa1afcc3b33cf08b3915bdcda96,1,1,0,0,0,0,0
0x0e3d9b8aa451f398e4d7ef5be299367949943028,0,1,0,0,0,0,0
0x0e3de3b0e3d617fd8d1d8088639ba877feb4d742,0,0,0,0,0,2,0
0x0e3f73d56f4c2d0422412c035abccc2df90562f9,0,1,0,0,0,0,0
0x0e412af67f6c41e9209da8b8638d65bb883ddf5a,0,0,2,0,0,2,0
0x0e416dd32359a7825ef580ff2527c3280c1e07fa,0,0,0,0,0,1,0
0x0e41c976f456ccb29c04e62ba70094d174f2b503,1,0,0,0,0,0,0
0x0e44c40162b29f5252db58a7f46b8cabe2c0867f,2,0,0,0,0,0,0
0x0e480808029b913052af850d3286bd61965f8605,1,0,0,0,0,0,0
0x0e496fe351e9a2eabcc76d57b1248e10394d60be,1,0,0,0,0,0,0
0x0e4e87e936c7388eb52807ee6329bbea5bb0c04f,1,0,0,0,0,2,0
0x0e4f0dab7dcfc2fd32b8f79f3e736d134bbf6c7e,3,0,0,0,0,0,0
0x0e50e6d6bb434938d8fe670a2d7a14cd128eb50f,5,0,0,0,0,0,0
0x0e54b1b8ff833b5f2b0d17453d97d340cb7576e4,1,0,1,0,0,0,0
0x0e5aa9ec344980f824513d17f94e9feea6ca8811,1,0,0,0,0,0,0
0x0e5e5c1b981a20be2bfade0b114e5fe7ba6eff7f,1,0,0,0,0,1,0
0x0e5f92b59c04ce814c603872e56c96cca8bb60c0,2,0,0,0,0,0,0
0x0e6457a564fd6780b5a8512707a46c43f3a49ffc,0,0,1,0,0,0,0
0x0e6664cdb81ddf20d776b3bcb001797cee4030bc,1,0,0,0,0,0,0
0x0e69a56bd2bb5a4a0cb44d3b96911f7cff01e29a,1,1,0,0,0,0,0
0x0e69d0a2bbb30abcb7e5cfea0e4fde19c00a8d47,0,0,5,0,0,0,0
0x0e6dddd7f6747ed4ffa23a446a95b6535809c4bd,1,1,0,0,0,0,0
0x0e6e19549a89c9bec84b5b632cd1674f8e066d06,0,0,1,0,0,0,0
0x0e6f6ed4581d25944d8c6a595b9f50e11431b754,1,1,1,0,0,2,0
0x0e6fc41039de5413f7cb9d2165248d41891bed89,2,0,0,0,0,0,0
0x0e73fac981d22a0511b42f757186c3514ce60c4e,0,0,0,0,0,2,0
0x0e74d6d1937a5855904403954dfa7e2ce8e712d0,3,0,0,0,0,0,0
0x0e752b742f744fdc2d93774da44c37b72c3e6952,0,0,3,0,0,2,0
0x0e77cb9d68b8bf3cc41561f8eda6c71e4a4b9ef7,0,0,0,0,0,2,0
0x0e786d42fd70e4a51ab5f80aa5da19e74337e7f2,0,1,0,0,0,0,0
0x0e7c28fb8ed4f5f63aabd022deaeeba40ecc335c,1,0,0,0,0,0,0
0x0e7d77bf4c468b6b626b07be5aa1c8222eb08324,1,0,0,0,0,0,0
0x0e7f19c634709559a3743d52d78a369b08cb6fef,1,0,0,0,0,0,0
0x0e8160745966d2109c568230ef515b0dddea1599,0,0,0,0,1,2,0
0x0e8175729e02db48ca0e2ca80efb72fe84a7dedd,0,0,2,0,0,0,0
0x0e8d6b471e332f140e7d9dbb99e5e3822f728da6,1,0,0,0,0,0,0
0x0e8e874bb30a5f254f5144eaae4564c7f73fabed,1,1,0,0,0,0,0
0x0e915b35cc269b2dfc8bbd8e4a88ed4884a53efc,0,0,0,0,1,2,0
0x0e9186d1d0c7aa2212e3f42405eda1bc35d826a9,2,0,0,0,0,0,0
0x0e94278497e51629c78697dac758fded6c8f188f,1,0,0,0,0,0,0
0x0e9a0fe317da6c0ca0e1600704fea16211dc2c06,2,1,0,0,0,0,0
0x0e9b63230bc93a94cc796266d658cad7e6f251a6,1,0,0,0,0,0,0
0x0e9c4d8610aa2cf0dabdabb19920a1c810b65720,1,0,0,0,0,0,0
0x0e9e062d7e60c8a6a406488631dae1c5f6db0e7d,1,0,0,0,0,0,0
0x0e9eccf7ced35da0702c9e2d943654da80fc72dd,3,0,0,0,0,0,0
0x0e9f8e7e84fa6bb04287c0c002e92d779c5e7ae4,1,0,0,0,0,0,0
0x0eaf3a45f6035565ee7fb61b242f562b77883fc4,2,0,0,0,0,0,0
0x0eaf699c3253ab6c9e205cfefa8812b622b57df1,1,1,0,0,0,0,0
0x0eb113e6a8b14c539c7bd7ed5f52678b1a47a7ed,2,1,0,0,0,0,0
0x0eb152d2bba8af722d7e296a1f223d819c3bbb1f,2,0,0,0,0,0,0
0x0eb29d27265d818dbbb395b7c9423f77aea70fa7,1,0,0,0,0,0,0
0x0ec03c088cbfffdd0c2ba8c1cfa35f655a9ce078,2,0,0,0,0,0,0
0x0ec0f229574b7491076d1104d378913e28e7ed2a,2,0,0,0,0,0,0
0x0ece93150cd501a5181d0ad03f87b177b1db4e0a,5,1,5,0,0,0,0
0x0ed2cefc445825dcdf2fddf3c7f06f64783b6f60,2,0,0,0,0,0,0
0x0ed74a3ecc90270d18a3b3a8eb0042a7cdd03b19,1,0,0,0,0,0,0
0x0ee1389404796e02ae1b40f7aa610cfc6ba2985c,1,1,0,0,0,0,0
0x0ee14f47320604d894fffffc8639772382937bee,2,0,2,0,0,0,0
0x0ee1fa262e2deb4a8ac8124d414f5337c28866e4,0,1,1,0,0,0,0
0x0eeb66edff8ccfd85c2181eff81d8275a3b92b8b,4,0,0,0,0,0,0
0x0eee422255002836a57f0b582f70dd87ccf2ee41,0,1,0,0,0,0,0
0x0ef009ad1899f1f3228073d1bff8f3db67d1061a,1,0,0,0,0,0,0
0x0ef4bd1e9baa163d410b31d47bd4e9ebe7dfda1c,1,0,0,0,0,0,0
0x0ef6d1808b129f77cc5fb3ef864acc06aa52fa3d,0,0,0,0,0,2,0
0x0ef97822407e52bd3d3304cd954623255574d27c,0,0,0,0,0,2,0
0x0f00c8dd21da51bc6a6ac07f491a7dbe69746f16,2,1,0,0,0,0,0
0x0f00f1696218eaefa2d2330df3d6d1f94813b38f,1,1,1,0,0,0,0
0x0f067ddb0795a7627c18a5792ed0a2199de3a8c2,0,0,2,0,0,0,0
0x0f08bdc02fb681462cb6c73b6b351297692aa6e4,3,0,0,0,0,0,0
0x0f09c5922a47b0b9100c1d56ada4bf7a9f3a72d4,3,0,0,0,0,0,0
0x0f115de2a0215e98c6c3e88eac14aced668fddeb,2,0,0,0,0,0,0
0x0f1c64c1259e28b564662ba41e994d67cb7b1519,0,1,2,0,0,0,0
0x0f1c79cf0458160e2b41e94065a7df9a452c6579,1,0,0,0,0,0,0
0x0f1da17b33df90c078fd2fb4b9011a64af3c67a6,0,0,1,0,0,0,0
0x0f2191aeed12f2d60fced84e34e05e00837f84dd,0,0,0,0,1,0,0
0x0f234c7992956af755c5cd9451a3f872314efa78,1,0,0,0,0,0,0
0x0f2451e0ce93c39025b1693038d71ba2289b2008,0,0,0,0,0,2,0
0x0f292cc21a59f248ca34ed159db0262f2f97d2f1,1,0,0,0,0,2,0
0x0f2a1a06024f6d2ceb2adf937732f9029ca97045,1,0,0,0,0,0,0
0x0f2d4c5c9dc5d1f7f9260e3d57ed2bbad742eba1,2,1,0,0,0,0,0
0x0f2d97e369169edb3f3168d60026278da490037e,2,0,0,0,0,0,0
0x0f2f3d4937579a7feafa477a46666326910881b7,3,0,0,0,0,0,0
0x0f31b54b35ab54d65d001f4e037a97548461ea7c,0,1,3,0,0,0,0
0x0f35d82007119dc339af57b29dc8ae794b92926c,0,0,0,0,0,2,0
0x0f4cafdce3737601c598bcfd4bbd69f75786ba40,0,0,0,0,0,1,0
0x0f519343ebb8dec0521c01c5e4c849ac39d7883d,2,0,0,0,0,0,0
0x0f598112679b78e17a4a9febc83703710d33489c,2,0,0,0,0,0,0
0x0f5d6ae470d3b93eb3347212d480bf9b3acfe4f9,0,0,1,0,0,0,0
0x0f5ee401de162cd163b6ff46318eef2727dbb9fc,0,0,1,0,1,1,0
0x0f6029ebde2ecd9ab4d60dd5d0a297e9e59bf77a,1,0,0,0,0,0,0
0x0f690a76ad438222ce694d84b2902b0ee2270e69,2,0,0,0,0,0,0
0x126bba3aa97d9f6e98f56705f29ab02f7660b445,2,0,0,0,0,0,0
0x127a78da95f02d9139db64ea7d3f6de355975494,2,0,0,0,0,0,0
0x127cae460d6e8d039f1371f54548190efe73e756,2,0,0,0,0,0,0
0x128a0cdaf3bb00e4b5357e02ff0682933beb407f,2,0,0,0,0,0,0
0x128fa9cc962448d2b438047cdcec1197f63b0ef4,0,1,0,0,0,0,0
0x1293d462d08855a17d9649dd0767a0df936e27d4,0,1,0,0,0,0,0
0x129e719c424a7a6fbdeb7ca3d65186892d54ea8c,3,0,0,0,0,2,0
0x12a31ba664df56d0d3c7a8dfb15f676db4203184,0,0,0,0,0,2,0
0x12ac8d8f0f48b7954bcda736af0576a12dc8c387,1,0,0,0,0,0,0
0x12adf6e7bf0fb0fa050e8175723c4ae9c44c0603,0,1,0,0,0,0,0
0x12b470a5c9055d312e1af0259b65976dce608e5d,1,0,0,0,1,0,0
0x137099bdc97fa0c487612466333d2b28bf0c2aa4,1,0,0,0,0,0,0
0x139759b6cfada56ccf5b3536f21eac209140a9d4,1,0,0,0,0,0,0
0x17459fd5727e458829db77443531333b1fb93d6b,1,0,0,0,0,0,0
0x17478cc05e51da20a27bbdf66fbe4a16aae81842,0,0,0,0,0,1,0
0x174817c1d5841c6d01e40da9b5fc0144ff4c0823,3,0,0,0,0,0,0
0x174bb5d84b78e9e2248e7aa2c789aeba82f72f68,0,0,2,0,0,0,0
0x175814180bd4999b1b9339f8a8820675bb55fb86,1,0,0,0,0,0,0
0x1758e5afccd53f6eaaa3039bc44d0e1f7bf6e476,1,0,0,0,0,0,0
0x175e7d3ecab1f194c0a924b3f37cedf71e922531,1,0,0,0,0,0,0
0x17633a41ab9af8b78317a1bd92a985f8482677f9,2,0,0,0,0,0,0
0x1767856bc75cf070de5e6ba3d0c718440f008c66,1,0,0,0,0,2,0
0x1768a7842639f679f2a7493acc226b05f6d745f4,1,1,0,0,0,0,0
0x1768fc7978e9abae733dd6c3de837a57a2f2ce4f,2,0,0,0,0,0,0
0x176ec7b6afb4e023b2c33a6f0b309ed5975d1e92,0,0,0,0,1,0,0
0x17735582f64492f7dabd06ffa589364de47dd35a,1,1,0,0,0,0,0
0x1774e30a3daab7bbace3ce4c64ddc6a4f29a975a,2,1,0,0,0,0,0
0x1776e1f26f98b1a5df9cd347953a26dd3cb46671,0,1,0,0,0,0,0
0x1778ba253592b6046276c09a492d3f1b6a890ab5,1,1,0,0,0,0,0
0x1778fffbd431be2ac3d69e64d1d819c786b2bee0,1,1,0,0,0,0,0
0x177efc15bd9d09757d11bd01a7f33d0376aece38,2,0,0,0,0,0,0
0x177fbcf0f8ae1c7bcc042b5612ef80b3ff5b9583,1,1,0,0,0,0,0
0x1782829b659575b18bb6f8d146ec3405ae5a4bba,2,0,0,0,0,0,0
0x178381837f84a7a636f57a3f2946cda512e5caab,2,0,0,0,0,0,0
0x1784e5aec9ad99445663dbca9462a618bfe545ac,0,0,1,0,0,0,0
0x1789cca7430aacbdb7c89f9b5695a9c06e4764eb,1,0,0,0,0,0,0
0x17987e621eb8c09f62bc10c90204238cc8cbbe94,4,0,0,0,0,0,0
0x179a2e413386db620d5b89a18550a3874385f726,1,0,0,0,0,0,0
0x179a303c1fdff0ffbda6a68b384787621b78ee84,1,1,0,0,1,2,0
0x179d2b800fa10cca26f8901707120dbae20641cc,1,0,0,0,0,0,0
0x17a03553719001e05dc19a20f5e82ee76923a985,0,1,3,0,0,1,0
0x17a715412ad323754bf19e89d05c129140e7ea3a,2,0,0,0,0,0,0
0x17aeb3c181365bc4a386d8dc6ecbe2a96a379088,2,0,0,0,0,0,0
0x17af138022b03939b5f817c3e50918eff3a1450b,1,0,0,0,0,0,0
0x17b031b3802789a458955b3d27c60a0379f187b4,0,0,1,0,0,0,0
0x17b1cb201d335176ffe5360b02aa3911fd50af90,3,0,0,0,0,0,0
0x17b38d3779debcf1079506522e10284d3c6b0fef,0,1,0,0,0,0,0
0x17b4ae55a5b0b6c10b0f4bae2d75a4e83de41709,1,1,0,0,0,0,0
0x17b5d933604cace1001e5eb973e005ff984cd405,1,0,0,0,0,0,0
0x17b7ddd2962226ef9428313ed62799060fb812b7,0,1,0,0,0,0,0
0x17c3b17843a7dd182ba35d21a88a71d6c4af216a,2,0,0,0,0,0,0
0x17c68823b18d0b6397757dcd90e0758406365f81,1,0,0,0,0,0,0
0x17c8d8b7659141273a1c2223030c89b96713a44a,1,0,0,0,0,0,0
0x17c94b2203cd76d1e28509cece13e35744b9555c,2,0,0,0,0,0,0
0x17cba58578eecaee898242a02edac75b8cc17231,0,0,1,0,0,0,0
0x17ce2e15246907e9d7029754f13783bab89951a7,1,0,0,0,0,0,0
0x17d0582dee50a5401bb8f65ac29ec2da50c670ea,2,0,0,0,0,0,0
0x17d30c85376bc2c39edc1da179162d308559a3c4,5,0,0,0,0,0,0
0x17d32b5d528979bfa60897ba8716b7c96f9e8ea7,3,0,0,0,0,0,0
0x17d9bbc5035f2b0f74fc3e0a8a023aa98f5749fa,2,0,0,0,0,0,0
0x17da2b4227bdfbf6c4dc39afea1e4f6e0af575b7,1,0,0,0,0,0,0
0x17e4cc902015958839e693f179f49c75696381ce,1,0,0,0,0,0,0
0x17e65b46ad1ebfb8f9cacde8e274b377831a1253,1,0,1,0,0,0,0
0x17e7f9758b2e0e4da7010de07d00d9f0f0e24b68,2,1,0,0,0,0,0
0x17ec10d5c6aff70bdc4cdcfd3269152ffd973ebe,1,1,0,0,0,0,0
0x17f0badcdf99b0a94429478d2e9ddb1ff13174f7,1,0,0,0,0,2,0
0x17f2892418d1765691c7e43c682db83b60b3ddd2,0,1,2,0,0,0,0
0x17f28bd2c1b22c07899ca7ef7bf586b7a4e6fcf4,1,0,0,0,0,0,0
0x17f68886d00845867c154c912b4ccc506ec92fc7,1,0,3,0,0,0,0
0x17f7e7341d98aba6e35e4222b142c7f8a64945b8,1,1,0,0,0,0,0
0x17f921fa8f087c94e55c28b264f22138626639f0,1,0,0,0,0,0,0
0x17f93475d2a978f527c3f7c44abf44adfba60d5c,1,0,0,0,0,0,0
0x17fb65e81b4cf9603872e6f4f80d2a5fd9a24023,1,1,0,0,0,0,0
0x17fcb1bccfdb9bbf75f05f058a7220ffa8ad4f71,0,1,0,0,0,0,0
0x17fd666fa0784885fa1afec8ac624d9b7e72b752,2,0,0,0,0,0,0
0x18017350089c7219f5b9a9b704c459c1a2814063,1,0,0,0,0,0,0
0x1802fd8f8d49b38c709345f0723de14635cf63d1,2,1,0,0,0,0,0
0x18035ee31125a9934de44b0105cd31691cce95d5,2,1,0,0,0,0,0
0x1807cf924199c0f8a85b73c15b5c0349aa3844e5,0,0,0,0,0,2,0
0x18088625f914468a3fcc5904ce24920a3ed87c1a,0,0,0,0,1,0,0
0x180b07537b3847bc1c159bda493dd4d28a31e46b,1,1,0,0,0,0,0
0x180c288c2151200ad37d150308346b1be421d32c,0,0,0,0,1,0,0
0x180d14c826e4b74cf1a5c786189fe9888ebad1cc,2,1,0,0,0,0,0
0x180d669e995ae5fbb7bfb06107546de625cd4f97,2,1,0,0,0,0,0
0x1811aacf243e28047ccb0126b9e0f3662ed48948,3,0,0,0,0,0,0
0x1822435de9b923a7a8c4fbd2f6d0aa8f743d3010,1,0,0,0,0,2,0
0x1822572d5cec452d4161965afe0b795161899800,1,0,0,0,0,0,0
0x182a603541a4483c308475147d621bbb4e2587c6,3,1,0,0,0,0,0
0x182f2b554462230735699df74ec9606a3c4c0684,0,0,2,0,0,0,0
0x183630c3afa08957e588eaa26b748cc5c2d42dc6,1,0,0,0,0,0,0
0x18365e32f5e5615fe73592f7c2dbfa73538708c6,0,0,1,0,0,1,0
0x18367f4eca68f7f374f61784ba38bcec3fee77f8,0,1,0,0,0,0,0
0x18373e7b8bd24ecb0af8e9c95548360ef787b781,2,0,0,0,0,1,0
0x183891e9cfaee0c9e2dbcdfefe1505626c696951,0,1,1,0,0,2,0
0x183baee572249ab21999034277c8c64cccceacfa,1,0,0,0,0,0,0
0x184001d794a8c91def72b8a488b67cc907d4e5be,1,0,0,0,0,0,0
0x18420e17f0ee1b32d1174f673c7eaa946a180b63,1,0,0,0,0,0,0
0x18429dedafbb65443edf60402294df5c01aee1da,5,0,0,0,0,0,0
0x18462521cb08f7b7a21b9808f0c36a8d3be6af6f,1,0,0,0,0,0,0
0x1847825ea569501ca50dee126d31ea95f6c62a87,0,0,2,0,0,2,0
0x18486c451fdc6eac512d468967f75729d11b89ea,1,0,0,0,0,0,0
0x1848df8d1728a8ce654c7faf833b2d7296744fe4,3,0,0,0,0,0,0
0x184b8e35fea87e75498705ea96f2326db8ee2470,2,0,0,0,0,2,0
0x184c8624d79f41eff9b3a702737ee86eeef80e67,2,0,0,0,0,2,0
0x185480332ee00c4a23422df11e022172dc10d5a9,2,1,0,0,0,0,0
0x185b3b2728eb2719604be61905c8cf47547540dd,0,0,0,0,0,2,0
0x1860b26155ce3319ace6d1a7ad3a363b58bc97c5,1,0,0,0,0,2,0
0x1860d43a2a1b9b03907eb6a6b92ce256694dd315,0,0,2,0,0,0,0
0x18624b0862830895d83a69c69b92c25defcddfd1,1,1,0,0,0,0,0
0x186b32c1b89db762a8ffa317172a4926714e6336,1,0,0,0,0,0,0
0x187ac8adc20767be1635d4ad972e0c31d654f061,0,0,0,0,0,2,0
0x18835a9009a2a1a1dc1dce33ba7e417f9cee1154,2,0,0,0,0,0,0
0x188e80dfd3563bce2cfd6413666ba71e23a75d6c,1,0,0,0,0,0,0
0x188ff41cc7960dd51b3aa802fcb17ba17c41276d,1,1,0,0,0,0,0
0x18911e747108241e4afe4feeecc742e90c5177bd,2,1,0,0,0,0,0
0x189448c9709e766d08ff25278e9f4d2f1b4dbefd,2,0,0,0,0,0,0
0x1899924f87138cd0607e27c516a84bc839faa1a4,1,0,0,0,0,0,0
0x189b13941f6c1a221f47e5d0094cd206aded745e,1,1,0,0,0,0,0
0x189b9c623570b30e178289740b9cdb5589094424,3,0,0,0,0,0,0
0x189cfa1e719ec7728d04e861a6cea077b5fad634,1,0,0,0,0,0,0
0x18a5c3c789c0c923c61a36ca4124b12c699242b8,1,0,0,0,0,0,0
0x18aaad578e74913df4255c126f2a0bd9e3399ec7,1,0,0,0,0,2,0
0x18b51eb9e6811fd8055a9fd5f06691eaac3bc6fe,0,0,1,0,0,0,0
0x18b67380942d56c09001a3764ce1aa9e64644433,0,0,0,0,0,2,0
0x18b70ebdbca93c0299c87b594676dfed54a1b88d,1,0,0,0,0,0,0
0x18bbc8d1ec4ee0414e24eceed8b6a0e1b509b5c4,5,0,0,0,0,0,0
0x18c518f0cfc0a80417c72ab5445abe8bc5e276c8,1,1,0,0,0,0,0
0x18c6ce63b7a10daba7cfe5edd375fcef0b83cd39,2,0,1,0,0,2,0
0x18cabd1e7db6c52406719cb72859ea2c2eea75d6,1,0,0,0,0,0,0
0x18ce0b9fedceb66e9fb7783bbddb4565232a9c22,0,0,0,0,1,0,0
0x18da8521c333aed9de8f512e847734cb7be42e38,1,0,2,0,1,1,0
0x18dc28340ddde25fa8c3b51f5d6a82b1706c8e20,0,0,2,0,0,0,0
0x18dd9ae3383de623db1ea37d8da5dde1dc74d356,0,1,0,0,0,0,0
0x18df60ddaeba4393e5cc6ecfc1e5bb1d20dd6239,0,0,0,0,0,2,0
0x18dfd8c468ed83397c0e1cadae01e1e65e86d275,1,0,0,0,0,0,0
0x18e35785cf570301b0001212e109a6c0217cfb73,0,0,1,0,0,0,0
0x18e6bbc64fb80ab83cbae3763584cc83d7125228,1,1,0,0,0,0,0
0x18ee4d68180e8d0e007481f66c57f89a084891a7,0,1,0,0,0,0,0
0x18ef959e0c34087edd0612eafbf5bbfde417442c,2,0,0,0,0,0,0
0x18f0cd26c06449d967ca6aef8b5f9d8ee9fd7992,0,0,2,0,0,0,0
0x18f1117186ea252e54a2fdd200f6fa48f9e5e979,4,0,0,0,0,0,0
0x18f8e5a68c15f94977eb7e5a22df0c8baad69a7c,0,1,0,0,0,0,0
0x19055b944806fba2717dc694cf0173a1eb2d1604,1,1,0,0,0,0,0
0x190646e10b85fbcd631c23c8cd175e25df92c338,1,0,3,0,0,0,0
0x1906f23efd58e0294425b78876f564b0160355d7,1,1,0,0,0,0,0
0x19076bd01e86fa3d76334e27d4b8e6789688a42d,1,1,0,0,0,0,0
0x1909daef3099fd4aafeb0e1aefb7f57ca5597181,2,0,0,0,0,0,0
0x190c2cfc69e68a8e8d5e2b9e2b9cc3332caff77b,0,1,0,0,0,0,0
0x190e2028060fa49adefa5e1f47c8d7be0cbe5063,2,1,0,0,0,0,0
0x190e569be071f40c704e15825f285481cb74b6cc,2,0,0,0,0,0,0
0x190f064876450617ded5f66735b822c18ba26dd2,1,0,0,0,0,0,0
0x191217777cb44c000700fbf76696a098f74c566c,3,1,0,0,0,0,0
0x19126de222e01b4bbcf0d5844a9dfb17ab08ed43,1,0,0,0,0,0,0
0x191a70e9808c8d89be289cfe9001a7010dc3d78c,2,0,0,0,0,0,0
0x191be073eb55d7ca3535a878e9090421ca9454c0,1,0,0,0,0,0,0
0x19816294969ec8745a402133bf7c256c02eeabc9,2,0,0,0,0,0,0
0x1a0a9a3b8064bf8c3e8cae6e6e595695067c7df2,2,0,0,0,0,0,0
0x1a51f16b4d385a06c542d3686412ab6517b5515d,0,0,0,0,0,2,0
0x1a55ae1553e5f41966fd8a204422e379713d1d24,0,0,0,0,0,1,0
0x1a661224edc279a3844ecd8bd0cd715daafb9cf7,0,0,2,0,0,0,0
0x1a699c9d8a34f7a60328bf5f3a3dbf10a3ad5baf,1,0,0,0,0,0,0
0x1a7208627ffe43a69f13f3c393a41712fa4a7831,0,0,0,0,0,2,0
0x1a795d04b963c489e0fc01897d398f1a84c15b8e,0,0,0,0,0,1,0
0x1a94fdf6d0bf45d298557789550bb2d7e359ca2d,1,0,0,0,0,0,0
0x1aa794e352fefe06e326c8f581c0c162e97909ec,2,0,0,0,0,0,0
0x1abc429a9e0a6bb21cac418e876f2ba608556836,3,0,0,0,0,0,0
0x1ac21b27f5683cc87e7cc853d6d4c052b08f0fe4,1,1,3,0,0,1,0
0x1ac68e35dbd49a7250fa1b1ceb9dbd3110edaf50,0,0,0,0,0,2,0
0x1aced77b121ed465a95fb5471e3d409fd2d4ede6,1,1,0,0,0,0,0
0x1ad89cda3532ad4179accda58917bd7bb632b290,0,1,0,0,0,0,0
0x1adbdb4df70c537e5052fc83099495f2ca19002f,3,0,0,0,0,0,0
0x1ae023a3587620d28a68a857e06ca7d2620ec060,1,0,0,0,0,0,0
0x1ae598ea59283576d72864291d01a47d368aac22,0,1,0,0,0,0,0
0x1aed9d45a8e9a2e790c409c70e3d9261dbe891a2,0,0,1,0,0,0,0
0x1af79fb7772ebafebcfd5cc79e67281a814ccb1d,2,1,0,0,0,0,0
0x1af97824a7ccd3963b9385e37ecbf44ece0c73e4,2,0,0,0,0,0,0
0x1afafc35b364595f06e89a0429c5762452eb7ffd,1,0,0,0,0,0,0
0x1b016ac4de0996b1f59eab9c54a083af496c811d,2,1,0,0,0,0,0
0x1b05e6557768650c0df0c9377c32c621ac1ccf17,2,0,0,0,0,0,0
0x1b27c2c096ae7e408eef72731fa5ea7e753054de,1,0,0,0,0,0,0
0x1b2ced22e089d752d2c27e90d95599a7a9699774,1,1,0,0,0,0,0
0x1b332629b45136a3614fafcd927c8ea31d7cd717,0,1,0,0,0,2,0
0x1b33bb74de3d15295fcd8ca3a777951f6a8f8fac,2,1,0,0,0,0,0
0x1b35806945ac1f02fe4fe68eba0d55b8104aa603,0,0,1,0,0,0,0
0x1b413506fc42e2f04a4e8c57710f850b234d6653,2,0,0,0,0,0,0
0x1b46656f3a5de413892a71f2266a42fafe6a6d89,1,1,0,0,0,0,0
0x1b528346f0631dc465813a757eaf38035b44b9e4,2,1,0,0,0,0,0
0x1b55874c27c98a7b50ab9008f589f6530a48fa06,1,0,0,0,0,0,0
0x1b5c8afd9739c3d2af5a4859dec0482a6df7667d,3,0,0,0,0,2,0
0x1b5f3b42a7dbd89fb6e4942de51876beb89ab969,0,1,0,0,0,0,0
0x1b60504beb425f7cfc8dd14f29924cf596ffaf0b,1,0,0,0,0,0,0
0x1b6c5864375b34af3ff5bd2e5f40bc425b4a8d79,2,0,4,0,0,0,0
0x1b793e49237758dbd8b752afc9eb4b329d5da016,0,1,0,0,0,0,0
0x1b7da22f43059858f045ffb1362630712d5d2f0c,1,0,0,0,0,0,0
0x1b822b46f24a370987f90e331753a123039447b2,1,1,0,0,0,0,0
0x1b82c3dec4a1ccfff5f326f4672784b46f83f309,1,0,0,0,0,0,0
0x1b85440d66a5903deabb24807d739019ff1741e6,0,0,0,0,0,2,0
0x1b9199b6a8e8d5ddedd072abe07439aad65436b4,1,0,0,0,0,0,0
0x1b9743f556d65e757c4c650b4555baf354cb8bd3,0,1,0,0,0,0,0
0x1b9dcdcddd2d6ca699cad9505faa363e81145c6b,1,0,0,0,0,0,0
0x1ba0383fd6b699f35c804a4179536a7c4473780e,1,0,0,0,0,0,0
0x1ba20a713f82b2483aa393de0c5da67d146f4bd7,1,1,0,0,0,0,0
0x1ba2626b5753b7a6cfe785ed9e28fb1c85793fa6,2,1,0,0,0,0,0
0x1ba4780b57d6efe3a1170edfa66091e7c769db7d,1,0,0,0,0,0,0
0x1bafa500bd219a2afb8f2d0286cc9480c7bd95c2,1,0,0,0,0,0,0
0x1bb0a576936bce5d983e676073ac48ba49f12e05,0,0,0,0,0,2,0
0x1bb28e79f2482df6bf60efc7a33365703bcf1536,1,0,0,0,1,0,0
0x1bc7c1de0ac6ef4fdec35c053030d90cf54c7e9a,1,1,0,0,0,0,0
0x1bcbc935b377432224b9050211edaaf67f184f0d,0,0,1,0,0,0,0
0x1bcdd65cb986d67cfdd3250097951172bca054be,1,1,0,0,0,0,0
0x1bd01cfdaafb051bcc13f098b7b72dd1a86f602d,0,1,0,0,1,0,0
0x1bd11d1c3232b3367b78fd7460b398cb6e26827d,0,1,0,0,0,0,0
0x1bd49ed82e56061a3cc72feeec729eb65cceb9d3,2,1,0,0,0,0,0
0x1bd4e709a076fb71ea1014293a739f2b19ca565d,0,0,0,0,0,2,0
0x1bdf171d5cc20544bf6e1536329a3d8dc166a78e,1,1,0,0,0,0,0
0x1bdf56c9593590122fd8750555d8148da2b80be8,1,0,0,0,0,0,0
0x1be2770c2cfc85834c8c0fa55c0705c4a22b3cf9,1,0,0,0,0,0,0
0x1be34bec23ef52fca1b5bb9ce27da1277ca4eebd,1,0,0,0,0,0,0
0x1bee0ba6c6dee64b3ea062ba2f779e0e8ff4d733,0,0,0,0,0,2,0
0x1beef31946fbbb40b877a72e4ae04a8d1a5cee06,1,1,0,0,0,0,0
0x1bf3ff664d0bd9eea47628af7296ce0c51795680,1,0,0,0,0,0,0
0x1c040c4ab9acce984d0d4c135576598013950e52,1,0,0,0,0,0,0
0x1c0987e79a6328374119ed34df64881b3a40f5a7,1,1,0,0,0,0,0
0x1c0a9bbaddb924b42e3145610960dde119779560,2,0,0,0,0,2,0
0x1c0f4c64821d6f8fa96975e20d5bb3ea79eb1071,2,0,0,0,0,0,0
0x1c1de57cc864072f7eab381c4c06b14a6963dd4b,1,0,0,0,0,0,0
0x1c2389c0b8014be72e11849ec0aa790b03929e18,2,0,0,0,0,0,0
0x1c242bc9af8aa768a54222ed47bb756f1a1a757b,2,0,0,0,0,0,0
0x1c25075bc63ed919babab6cab573f45a47c591df,2,0,0,0,0,0,0
0x1c2699cbb862c6bfccd9ff8c80734263cd486578,1,0,0,0,0,0,0
0x1c2f54920e8ef883b67bf2fbccdc56af0a5e644d,1,0,0,0,0,0,0
0x1c3031e02e9a0ec237f5bd674eaaa5e56a2ae174,0,1,0,0,0,0,0
0x1c307a39511c16f74783fcd0091a921ec29a0b51,2,0,0,0,0,0,0
0x1c3a7bafd90133756ac63fee437844c47f707420,1,0,0,0,0,0,0
0x1c3aa36b021c7038d65643295c4bd24e0b9a317b,0,1,0,0,0,0,0
0x1c3bb10de15c31d5dbe48fbb7b87735d1b7d8c32,2,1,0,0,0,0,0
0x1c3bed5bd4b0e6a8389efd0d2876f948a907ab5b,0,1,0,0,0,2,0
0x1c3db3898c05d77bd742a219f8f488aac0cb013b,2,0,0,0,0,0,0
0x1c3f48ae556893ef033e37d673f7a218454692fa,1,0,0,0,0,0,0
0x1c4d21d3534010ca07b5f2a9aded27ac9abb64cc,4,0,0,0,0,0,0
0x1c4f85e3e58afbf488998c92c6b920715daf5af7,0,1,0,0,0,0,0
0x1c5599ea81f4946a2ff80dc7438a8e139ee8c746,1,0,0,0,0,0,0
0x1c5f43710a1776b0ea7191b7ead75d4b98d69858,2,0,0,0,0,0,0
0x1c65557b72804569bcd25ce53575a9c712e2eff5,3,0,0,0,0,0,0
0x1c66bb904ceaa80aa224193728d459b109115ec2,3,1,0,0,0,0,0
0x1c76457f18230dc1c83d3376ca663ca7312f86d8,2,0,0,0,0,0,0
0x1c80bf91b30c17019149acdb5ddc3dcb89122c8c,1,0,0,0,0,2,0
0x1c8654c680c3f18a3b3a0ee943d40848a9fffd0d,0,1,1,0,0,0,0
0x1c866ac6991bb7bd2c11ec3b8b6cc6b79fd78d75,1,0,0,0,0,0,0
0x1c8c70478e92abc44843245bd6d88035236b4ed9,0,0,0,0,0,2,0
0x1c8f7f728844cd77bf83a7247febe460a7db284e,1,0,0,0,0,0,0
0x1c934a503fe39721591b97b8c56f013bf78a8d19,2,0,0,0,0,0,0
0x1c98eea5fe5e15d77feeabc0dfcfad32314fd481,1,0,0,0,0,0,0
0x1c9be00d799132986edcd2d099b9f28e5757677c,2,1,0,0,0,0,0
0x1c9db47ee8abad20d28f9bbe2363ca0c8c9ab9b8,0,0,1,0,0,0,0
0x1ca0a2632519021798cb0e0a073371c8ddfcdde5,0,1,0,0,0,0,0
0x1ca6a09e02480be25c10284372cd21fde7d35a79,3,0,0,0,0,2,0
0x1cae8c6ec705520b11f10f773b7010958363318e,1,0,0,0,0,0,0
0x1caecd601911d84941fddc74f94a871e15d24299,1,0,0,0,0,0,0
0x1cb82f4228719a53a6f5fc98de74f12eebdc31ed,1,1,0,0,0,0,0
0x1cbd39b61919b41e22b1eb8bc564e67cae7376b9,1,0,0,0,0,0,0
0x1cc2a863c070340f21f441648bbceed77656a137,2,1,0,0,0,0,0
0x1cca91a47db357445b89269f2fb4f647cd209968,0,0,2,0,0,0,0
0x1cd30a2bba7b913bfeb8e7e40bec1311476efb13,0,1,0,0,0,0,0
0x1cd74dd56b0929f1505c6e1f9bdf57fb31d60631,1,0,0,0,0,0,0
0x1cdb4710dfbf63c4d9b39c8ee37b084ecb2bd932,4,1,0,0,0,0,0
0x1cdc6b8fe34d313ee45fcd98d7391b6f564069a4,1,0,1,0,0,0,0
0x1ce95ce5aebe5beb20d69c308cd0e21797873c38,0,0,0,0,1,0,0
0x1cf6949f4b661018b3195f3ff98effe12f587263,3,0,0,0,0,2,0
0x1cfa0b95c531bc2c88a81a4263f6a6f5c1613b96,1,0,0,0,0,0,0
0x1cfd062cf17b2b4d86f1ecdd19c49e1ded2ea1f7,1,0,0,0,0,0,0
0x1d07f0704dbb88298c69e351c92a82272f0daf75,1,0,0,0,0,0,0
0x1d1811189e2a8dd8d5f22cdc164273bf3d6fdd43,0,0,2,0,0,2,0
0x1d18604bbf92ba050b99cc6775f70f114f576192,0,0,0,0,1,0,0
0x1d1afc4fb14947d43a315f9223c0f5f771e8631d,1,0,0,0,0,0,0
0x1d1c828239c3986fc6be89b6d54964b54fc9231f,2,1,0,0,0,0,0
0x1d1c98cd4b4757a04db41dd67988ceac813a8e1c,2,0,0,0,0,0,0
0x1d1cf6cd3fe91fe4d1533ba3e0b7758dfb59aa1f,1,0,0,0,0,0,0
0x1d1ff336189f16fcb5aea6f00398c06bec5fd0cc,0,0,1,0,0,0,0
0x1d2196207512665ad3beb7c3641f7db409dc7beb,1,0,0,0,0,0,0
0x1d23eec63bf560e065e9baf48f1fc10109921b4b,0,1,0,0,0,0,0
0x1d26883a84a81b3046e027bbcbe7506a90e6b5a5,2,0,0,0,0,0,0
0x1d293f79732bc023e366b2f70d930850d627803b,1,0,0,0,0,0,0
0x1d2b42b3531fad9e544dd4288b788cacc898d555,2,1,0,0,0,0,0
0x1d3567f6ec3e1ff18bac8691fa6af9257e6465d9,3,1,0,0,0,0,0
0x1d38b2f0329568ad8730b1970905e4978c16b7ff,1,0,0,0,0,0,0
0x1d3f069406e02936afaa0664bd81986d97858357,2,0,0,0,0,0,0
0x1d4cb77889e1b418afff5b5190c6d40653af990c,1,0,0,0,0,0,0
0x1d4ccc31dab6ea20f461d329a0562c1c58412515,0,0,0,0,0,2,0
0x1d556d7fb1af721da8b9c30d44f6d4a52f8e0ba2,0,1,0,0,0,0,0
0x1d5854e7f4dd81d9d4c09097d3cc736c7771f234,2,0,0,0,0,0,0
0x1d5bd914b57aeb1ce91d37d8454dfa48be22eb60,1,0,0,0,0,2,0
0x1d5e63693ef0a3edc8a57e0bbe0645066550b2e5,1,1,0,0,0,0,0
0x1d63cf10fea9c7ec79817a1d2a4acf4e35b3be6f,0,0,1,0,0,0,0
0x1d6671bad68e2ac15f72502f8a6c3bab42ccafd6,2,0,0,0,0,0,0
0x1d6aa0045a56f05f8c5d81defd5f641bc321552e,0,0,1,0,0,0,0
0x1d6b371b0d23d169e87db2fc14ab34f82d190988,1,0,0,0,0,0,0
0x1d6cbd79054b89ade7d840d1640a949ea82b7639,0,1,0,0,0,0,0
0x1d6d1947428310dd91bec6fcc0d9ea48430c33ed,3,0,0,0,0,0,0
0x1d72347bfc99b65a61ecf464676994ef725e3294,5,0,0,0,0,0,0
0x1d72e76e38c815b9f91661c340949e8673e897b3,1,0,0,0,0,0,0
0x1d7b14967d103df9dbc16d408616da18c4ae83eb,2,0,0,0,0,0,0
0x1d7c47977e8917e60f8075a3846a360887775e12,1,0,0,0,0,0,0
0x1d840cb510f084e6154c85d14d98cdc8f7a3b4d5,2,0,0,0,4,0,0
0x1d86a854da490ff74dedc7abe281fb468f8c19ee,0,0,2,0,0,2,0
0x1d899280f446aab65971e41611b5bb5516dd47f9,0,0,2,0,0,2,0
0x1d8cd6eab10ab7d673fa7b4c5f93fe167953d4f9,1,0,1,0,0,2,0
0x1d8ebb2f0345874e9193388ef3a2f063eaa71edc,2,1,0,0,0,0,0
0x1d8ed4b0a3147ed17ea09582b46e0c9635396720,2,0,0,0,0,0,0
0x1d90a6825550feac7406fbc7714b67f329a8d3f1,1,0,0,0,0,0,0
0x1d91b86e5c7b5e85a61eaaea9762958747712826,0,1,0,0,0,2,0
0x1d935f49c1574d4b109dd7f5ff660de3adeb5a0f,1,1,0,0,0,0,0
0x1d94270e3998bb0c02cac8730daba9aa50094581,1,1,0,0,0,0,0
0x1d9562d5f3b53316e25952079227621adca9eb49,1,0,0,0,0,0,0
0x1d979bd0b663040f2fe8a9854a8569919ae153ac,0,1,0,0,0,2,0
0x1d9be4a5681374c54b1821d0beac3a678ad128a4,3,0,0,0,0,1,0
0x1d9e20e581a5468644fe74ccb6a46278ef377f9e,3,0,0,0,0,0,0
0x1da73fc09ea07781482994036a0eecc7e6952dfb,0,0,0,0,0,2,0
0x1dacefe4f8eedef2524fa729f563a86695b8888e,2,1,0,0,0,0,0
0x1db10d198c2d66a8767e7adde7fa5e5bf2d57604,1,1,1,0,0,0,0
0x1db45a09efcdd8955b1c3bb855b5a8d333446bff,2,0,0,0,0,0,0
0x1db55af386e67e3ed55426cd3b84c8441720ebae,2,1,0,0,0,0,0
0x1db7f8171d82f9fc009f207cd80dd00a54b77560,2,0,0,0,0,0,0
0x1db9cf016fe7ce4d9f4ba2d8fd2834e72d43198c,0,0,0,0,0,2,0
0x1dbd7059247baf317b11c9e36308fa8582867d4b,1,0,0,0,0,0,0
0x1dc211ed642733da8badeed7d529e9b67295593b,1,0,0,0,0,0,0
0x1dc5b8ccbe7a3669ed59dcd3b3d5afa0fed4ee57,6,0,0,0,0,0,0
0x1dc8c35fa368f6ec96e9b95d8c47834e20576cd6,2,0,0,0,0,0,0
0x1dc994010375d1b6c0421f825c05c75f426031ec,0,0,0,0,0,2,0
0x1dcadad44aa14154e2393d83edf6c7c6f83cb795,1,0,0,0,0,0,0
0x1dcaef208411119ed3d2527d1a2e724f0e3a07cc,1,0,0,0,0,0,0
0x1dccbb30991632907f59530b3e10d86ad71973f9,1,0,0,0,0,0,0
0x1dd6363c7f7a3150fb7ab13c29fe92f5bab23457,0,0,1,0,0,0,0
0x1dd7063f263d318e2cf4116e8096ec8036ce5b4b,0,1,0,0,0,0,0
0x1dd72a0d3357901d51e791ba65476e101cb2c6a5,1,0,0,0,0,0,0
0x1dd7c1a2be393644bf56420aa64d53058a3c430a,2,1,0,0,0,0,0
0x1de09690e0d3c75c22cd19acc1aebde46bbc7d25,1,1,0,0,0,0,0
0x1de31db379946823bbdf2c5e6c61a7cdcb6870f2,0,1,0,0,0,0,0
0x1df6eadc2e1e9f4cbb2d94369210d8f1b790ee19,1,0,0,0,0,0,0
0x1dfa4bb783b3aeea55b712b4acb4b7dd1a8fe928,0,1,0,0,0,0,0
0x1dfabf381d80dd29d43bc347207b30a5c484bbd0,1,0,0,0,0,0,0
0x1dff419e268da24005f32a2d53250b260530e173,0,1,0,0,0,0,0
0x1e05efba2fd19cc48a123a9e38afa6a9ffc18f41,1,0,0,0,0,0,0
0x1e0646940d1ec4494fe80ca13643e3abb76f5810,1,0,0,0,0,0,0
0x1e172788434e2e2bdee70df0cf552d8da3fe7a65,2,1,0,0,0,0,0
0x1e188cfea3ea8fb4f5daa71ce90899cbe3806e6d,3,0,0,0,0,0,0
0x1e1fe9186c223ee1679634e3cfb7c03276b19493,0,0,0,0,0,2,0
0x1e200a9af1ab6a0d74cd44c489bf65744bc7d961,3,0,0,0,1,2,0
0x1e26b3d07e57f453cae30f7ddd2f945f5bf3ef33,1,0,0,0,0,0,0
0x1e29ca8c874b4dff828297cc2e9856819eea0933,3,0,0,0,0,0,0
0x1e2bbf1578d1ecd107c95ab550f8c9559a0acca6,2,0,0,0,0,0,0
0x1e2d6ca17730e657f6ef0446126d5ae2869ee8d9,0,1,0,0,0,0,0
0x1e2e0b9703d1e6bd3dbbbccf39a8e081969c0448,2,1,0,0,0,0,0
0x1e4300510ef90de505ddbcb77cdc8c4ab3f6d7c9,2,0,0,0,0,0,0
0x1e4b1f99e8e38de0e128ba424847b25b5432c155,3,0,0,0,0,0,0
0x1e4dfaf4840fd9f4f4deb7e89437b37c4b8efdc5,0,0,0,0,0,2,0
0x1e4e36b3f011d862fd70006804da8fcefe89d3d8,1,0,0,0,0,0,0
0x1e5cbdf415dc6a762ad4ded7743aa9fe0837ff9e,1,0,0,0,0,0,0
0x1e5e66fd8c22dea99d8451ee8bb1e941b70b723f,3,0,0,0,0,0,0
0x1e6241877af17d610bf967bfd4a6be21e18f4ed3,1,1,0,0,0,0,0
0x1e66008a24a486456a796e0c771fdc0cdf43cad9,1,1,0,0,0,0,0
0x1e66f8bf4e95d61cfac0f98d9d6c0ffa23e360e5,1,0,0,0,0,0,0
0x1e69c3cb4f08aba18bad6da03f5c5441014d4169,1,0,0,0,0,2,0
0x1e6f116ca704277c97595316ac157eb6ed30290e,1,0,0,0,0,2,0
0x1e834560e79def1479555bf5d9a35e8bc3dbe70a,3,0,0,0,0,0,0
0x1e83cdd27d0b34c727c417759585e87e2770c28c,0,1,0,0,0,0,0
0x1e85407e080a5e6d20a3a95fcdddfc32146fc8e5,0,1,0,0,0,2,0
0x1e867d04fbb7434093071237813df00b3df6ee77,2,0,0,0,0,0,0
0x1e8dfb1d2a82903807e94e5977dc75d85c7659a0,1,0,0,0,0,0,0
0x1e9df32917117235ba0888edb2602ff3522834ec,1,1,0,0,0,0,0
0x1ea976a4abbdbcc67d9b4fd6d5dba23618fb52fd,1,0,0,0,1,0,0
0x1ea9fa167fdc4ae4c13e9e904d26aadf010d097b,1,0,0,0,0,0,0
0x1eab19e6623e8cbcafc252e275f5b51c27656faf,1,1,0,0,0,0,0
0x1eae15d9f4fa16f5278d02d2f8bda8b0dcd31f71,2,0,0,0,0,0,0
0x1eafd303c88b6cd638c77b40596de3dcf001b249,0,0,2,0,0,2,0
0x1eb0d4794d4067ed004c9d55ff6eb50620b27c58,0,0,1,0,0,2,0
0x1eb35af86a3821b5cca3013b1bb942c796aef544,4,0,0,0,0,0,0
0x1ebd04228ae2900ccad55193233492ddc3b09de9,1,0,0,0,0,0,0
0x1ebd8d3ca115451b9b6bbaa7ee2f7b0f96e49fd8,1,0,0,0,0,0,0
0x1ebda9b505ad2c6ccee86bfc18f58035dcfdc26a,1,1,0,0,0,0,0
0x1ebf3dff337aa1ac1cf2814674b037524f5ec85b,1,1,0,0,0,0,0
0x1ec7345ee1780d847b29f65aa0ecf70cb278966e,0,0,0,0,0,2,0
0x1ecef026261d7a59926dc9757a002d799fe09d14,1,0,0,0,0,0,0
0x1ed73dcc7400b90b895379956b4b29e555f4fba0,0,1,0,0,0,0,0
0x1ed81e904acfa95ca1ffe224ee7aa89f2bf5ef9c,1,0,0,0,0,2,0
0x1edcb0dcc0ee685bbea86f5a31a776029f02c7d3,1,0,0,0,0,0,0
0x1ee72092724d17c4667563bac428babfe11f6440,1,0,0,0,0,0,0
0x1eebb0f896a8995aa95954a0870dc520eedc891f,1,0,0,0,0,0,0
0x1eeeaffe28d463dcf2c1898d19cf3871e9a17d7c,1,0,0,0,0,0,0
0x1ef1f77082df766c14d7c339ba17bef9a453c691,0,1,0,0,0,0,0
0x1ef57424c7f38628a0e25177ff61a671fbe4b405,2,0,0,0,0,0,0
0x1efa4d569ed37107ffbb94c15d25a32b594bc553,1,0,0,0,0,0,0
0x1f002ba292d85239fee400a04b21bb3aa4777461,1,0,0,0,0,0,0
0x1f03a2dec4aa3a491b5c27c5a3383aa484a152aa,0,1,0,0,0,0,0
0x1f0d1de1558582ad6f13763f477119a1455502af,1,0,0,0,0,1,0
0x1f0f4f0cc01d9ff3a30584f4c6af6c33c9b3b58a,0,1,0,0,0,0,0
0x1f10822c753a1f587923d9916e64738ee7c27419,0,0,1,0,0,0,0
0x1f28211cd78363c7e0d44a90157017422599526c,1,1,0,0,0,0,0
0x1f2f65e5fbc46812b058d1979a90abce9734fe24,0,0,0,0,1,0,0
0x1f313e1015d362a50a16a479f857637bbb36a353,1,0,0,0,0,2,0
0x1f31d1168efe4bd22d00d31fc425e5bcb54c75e7,1,0,0,0,0,1,0
0x1f3640b76fef8f0c8efeb13623387f3bce31e080,0,0,0,0,0,2,0
0x1f3a2ada4aef5c154e4bde084eca7c8e9d417367,0,1,0,0,0,0,0
0x1f3fc753663b2afa9e459dd5da5549706eab3e2d,2,1,0,0,0,0,0
0x1f4215fe007ee5b170391241656a28a8bd13826e,0,0,0,0,0,2,0
0x1f52b87c3503e537853e160adbf7e330ea0be7c4,1,1,2,0,0,0,0
0x1f54a3b7b8c6b611dc5317b1d665c7a96c9943dc,1,0,0,0,0,0,0
0x1f58af89d12d4a60647f99a9fc71dd0367b56df4,1,1,0,0,0,2,0
0x1f5cfb9a00b86bf9982970382bdb900b7744a559,2,1,0,0,0,0,0
0x1f7ec3f8cd87864646358c54093618363bc2028d,0,0,0,0,0,1,0
0x1f88b2ef9ea3b29c90f559e645fc8cc2dc6f5b27,0,1,0,0,0,0,0
0x1f8abd8e5fb90c7c4076fca58fe335ba55da5945,0,1,0,0,0,0,0
0x1f8e87aa0d8255a503d9f009f2e41a799b98706c,0,1,0,0,0,0,0
0x1f9033b3fdf74e1d7619447bc491d73a36967d71,4,1,0,0,0,0,0
0x1fa50285d76f2f9c79ba76b4bd992212147797c2,0,1,0,0,0,0,0
0x1fab9d2996767db0ca6af12fd92c1f2aab2675a0,3,1,2,0,0,1,0
0x1fb307750fcfeabd0ec59dc9bd696ca65bc8c40a,0,1,0,0,0,0,0
0x1fbf025ad94dde79f88732f79966a9a435f2772f,1,0,0,0,0,2,0
0x1fc3294386ccbc834fdd1f1d78d236c634fe9fc6,0,1,0,0,0,0,0
0x1fc4f3ed0415fd13748383a08069c549910cc655,2,0,0,0,0,0,0
0x1fcc3b98f97b1fa84ef96153cb0ec3ce766eb6a8,0,0,0,0,0,2,0
0x1fd159fa190ab588f60699ef6def984602dd8c5b,1,0,0,0,0,0,0
0x1fd1f34a7476fa7d7b2187c8bd255e39e78271e6,4,0,0,0,0,0,0
0x1fd2a7194c6bdc3c8f2c3b59b73f008a8f7a4818,0,0,1,0,0,0,0
0x1fd9b114da4f081361e789a2a708e9abcab7a3c4,1,1,0,0,0,0,0
0x1fdedef5c2da1ed9db44d80003a9592dfa18163c,1,0,0,0,0,3,0
0x1fe2401bd6f4de5eff1661086440297baa9a2e12,0,0,0,0,0,1,0
0x1fe3825a3012e581843a483df1452fc2fa4f0bad,0,0,0,0,0,2,0
0x1ff54baa4cfca0826e125e6e1e312a53748c2637,0,0,0,0,0,2,0
0x20009a909fb6f7951f594bc2daa69b5bd539d672,0,0,1,0,0,0,0
0x200f96afa416d6ad606e5f3953f287a7282b8551,1,0,0,0,0,0,0
0x2011266a6c9e48b3ed2e397637df03abe1d3e832,1,0,0,0,0,0,0
0x201916ad6b61df24a0982f885376d382e764ee5e,2,0,0,0,0,0,0
0x2019763bd984cce011cd9b55b0e700abe42fa6c7,2,0,0,0,0,0,0
0x201e7cd92e03ea87c51d3e22974243ed7a26a1cb,4,0,0,0,0,0,0
0x201ec0bcc05d43c44a05836c6d5ce42e93cceccc,0,0,2,0,0,0,0
0x201fbe9e789d10d893b43ed5aaa5f1b7149f6de8,1,1,0,0,0,0,0
0x2021526a4a62a70f52c0340b0f67740a08b94e01,1,0,0,0,0,0,0
0x2024668c1bbf8f5d381f05d2307daf1f94dcf8df,0,1,0,0,0,0,0
0x2029fdb81d226e0e45a620c47314b3ab1f78bf46,1,0,0,0,0,0,0
0x202e295df742befa5e94e9123149360db9d9f2dc,1,1,0,0,0,0,0
0x203616a35d987b144fa6727e4f878add71401e91,1,1,0,0,0,0,0
0x203dad4c2af33c0ff1b60b4579cf956a60a6cb23,0,0,1,0,0,0,0
0x203daffa152dafaf2a859029f729b364fc8540f8,1,0,0,0,0,0,0
0x20461ad484795e3db0a18a825b34f55768f77819,1,0,0,0,0,2,0
0x204c3e5296ab443707e5404a509aa5194e63b12a,0,0,1,0,0,0,0
0x2051280b8ad90babc18b7c7ba0675da649ff33e6,0,0,1,0,0,0,0
0x2051f57c5c1539c17e7d22caf46c83f861bd8e81,2,0,0,0,0,0,0
0x2054a15c6822a722378d13c4e4ea85365e46e50b,2,0,0,0,0,0,0
0x205969440ffcf5493df62a974ad8a30ec96527ea,1,0,0,0,0,0,0
0x205daf7cb272e436652115ecfb7df465631d80d0,1,0,0,0,0,0,0
0x2066a2e0cd7f19589f582e2fc9af9669cc9e02f1,0,0,0,0,0,2,0
0x2077db08d450d842189b94dea8e3eb95980a8b61,1,0,0,0,0,0,0
0x207b893467904d076add0a44f94ac8c8d92d2e0c,1,1,0,0,0,0,0
0x207c92740ccbe446ac2e2f43fe1da52651cd8d3c,2,0,0,0,0,0,0
0x20832ef3de12cc21c6411220e81dd906e038ce0d,1,0,0,0,0,0,0
0x20871ef4fc0b8c5ee4fb03f698c4f4f752dda6e5,1,1,0,0,0,0,0
0x208cd937df6a21484af3bcf828e3bb4518d4cbf3,0,1,0,0,0,0,0
0x208d70717b46b5466d86f6a6b443cc17ebab0894,0,1,0,0,0,0,0
0x20900587e569e3d0b2609bca6fb3469765ed0920,2,1,0,0,0,0,0
0x209132061047ff4d2ad395691005d3266e48b673,1,1,0,0,2,0,0
0x2094890017bf0eca1a032eeeccb85b5810f5e52f,1,0,0,0,0,0,0
0x209f98bc320133681458125bc57ecc03718311cc,1,0,0,0,0,0,0
0x20a2137530c4206100ec9d9b3a5dc8bdda8bc589,1,0,0,0,0,0,0
0x20a35ada16321d18ba2e72bd5fe81bc23515dbd9,1,0,0,0,0,0,0
0x20a8e076d5d537c3a4b2e2750a7fa06f9f845d8a,0,1,0,0,0,0,0
0x20b1c3faf91b57f0dcf016c4ce318c8504248c16,1,0,0,0,0,0,0
0x20ba630e5e6ce0c0803bf4ec0620982b8f776c00,2,1,0,0,0,0,0
0x20bcae16a8ba95d8e8363e265de4ecfc36ec5cd9,2,1,0,0,0,0,0
0x20c476bb4c7aa64f919278fb9c09e880583beb4c,0,1,1,0,0,2,0
0x20c6c51edfb707f8965bb7caafc77372978eff10,1,0,0,0,0,0,0
0x20c96e60b2210e482bbda34ed4177e0aabe93d2a,0,1,0,0,0,0,0
0x20d2f8fdd0951f2f5249c86b3cdc2be7656f2c01,1,0,0,0,0,0,0
0x20d4477cb25186cc87e85185cfea792dd28bfca5,1,0,0,0,0,2,0
0x20d4ec1b92cc4570c74efd968d04660b8fcc0406,0,1,1,0,0,2,0
0x20d88cfc6d23d06c98d7661aded19043e9ee5aa0,3,0,0,0,0,0,0
0x20da2ff263e28e8db8ef44f590ff4576bac770e2,0,0,0,0,0,2,0
0x20e2bf0fc47e65a3caa5e8e17c5cd730cc556db9,0,1,0,0,0,0,0
0x20f279245cf7d9006f21edcb8d9e291c6e7ecfae,1,1,0,0,0,0,0
0x20f5559b14b98a0f6f61b7dc9a75dcdfe6f61f86,1,1,0,0,0,2,0
0x20f85983936d564e28b9cfb50b94e22ca854f8b8,0,0,0,0,1,0,0
0x2100448165599c9bb296c9d10f39fe924552979d,3,0,0,0,0,0,0
0x210cdf004bc58d7bfef9ac39fb719dada94eec05,1,0,0,0,0,0,0
0x2118840b16aaf95a0f0027b7ac32f5986925d935,2,0,0,0,0,0,0
0x211f01e59b425253c0a0e9a7bf612605b42ce82c,3,1,1,0,0,4,0
0x212fa406fd28663ee6110d863a18e80960300e5c,1,1,0,0,0,0,0
0x2134057c0b461f898d375cead652acae62b59541,1,0,0,0,0,0,0
0x213a22d873e02269ac45c094c0655a09eaa22c3a,2,0,0,0,0,0,0
0x214f96e84d3c0f2920bb90fec861be4925edf02b,1,1,0,0,0,0,0
0x2151288dfdbd547e071d8c6dc7fe3301235ae87c,1,1,0,0,0,0,0
0x2154f9d7da8bf221e102197195531c82cee1677e,3,0,0,0,0,0,0
0x21683397aa53aaf7baca416c27f2c1e0e84bb493,0,1,0,0,0,0,0
0x2169cce281717d204fa0ecf846a6171e96234d72,0,1,0,0,0,0,0
0x217375af2de10c73f94408c3258a956df106ba98,0,1,0,0,0,0,0
0x21751800ce87a89acd6c0edd4c181dced679288e,0,1,0,0,0,0,0
0x217ada135253d6152d9c8903c3fece94b68f10d8,1,1,0,0,0,0,0
0x217aff4ee5bc1dfcabd8d5c3a36e0b430b02ab9d,1,0,0,0,0,2,0
0x217fdc3f4f5061bf75a0c1c8515c8330926277da,0,0,0,0,0,2,0
0x2184a4b834d343ef0fb0a8a5039ce8b697004ac4,0,0,0,0,1,0,0
0x21857261ad06753cee383716e87422168102a453,0,1,0,0,0,2,0
0x219014ef0fdf1b9b0d4e9e453e021573b7082bed,0,0,0,0,0,2,0
0x219101d69455c620700bf02f157f29ef7a8f7988,1,0,0,0,0,0,0
0x219218f117dc9348b358b8471c55a073e5e0da0b,3,0,0,0,0,0,0
0x21929a10fb3d093bbd1042626be5bf34d401babc,1,0,0,0,0,0,0
0x219b9040eb7d8d8c2e8e84b87ce9ac1c83071980,1,0,0,0,0,0,0
0x219e0b7c4868add72a913eef492c228cd1f45cdd,0,0,0,0,0,2,0
0x219fa49440c6c7d9f21c0f2c87d638b35382ab5a,0,1,0,0,0,0,0
0x21ad0028fea5fafa55b9b60e9c065db9f1c0616e,0,0,3,0,0,0,0
0x21ae174c592cbb476819344a895d0e9219f5cc79,0,0,0,0,0,2,0
0x21aec0a028d7adec228595b24439c7eb969edd5f,1,0,0,0,0,0,0
0x24a7de87b3bd7298bbf8966fdf170c558d69ecc4,0,0,1,0,0,0,0
0x25066b77ae6174d372a9fe2b1d7886a2be150e9b,0,0,3,0,0,0,0
0x25073d89644d3b033f422949e70064c60fa05c3c,1,0,0,0,0,0,0
0x25543db4ff6a57affb219cca074a1e983c024c18,1,0,0,0,0,1,0
0x256591374c0fb9b2782b754f6e072aa833e62278,4,0,0,0,0,0,0
0x25b16c95f3ebb1d8583a1c173f81257bc916a9be,4,0,4,0,0,0,0
0x25b720dc42d7527ec396d473ed4e337d5afed0f6,3,0,0,0,0,0,0
0x25bceaf96191d34c6a135a26ae8d7281dacf8ff0,0,1,0,0,0,0,0
0x25be312868aed68afaf5ac75aed062f4d4c78ce3,1,0,0,0,0,0,0
0x25c08bb7aa204d221288d9739899f4edf96f5fba,1,0,0,0,0,0,0
0x25caf15e1cc43e7bfa9853a68de463bfb0d27021,1,0,0,0,0,0,0
0x25cf23787ac0f92a3eafa61f458ad0b7c4b27c3d,0,0,2,0,0,0,0
0x25d14913c49b7e7808453044f7e2f12b89693dda,0,0,0,0,0,2,0
0x25d3b1550e518ba8d7581cad811285e005902faa,0,0,0,0,0,1,0
0x25d3b337e17ad34dbc8cb97d1a724545d90478fa,0,0,2,0,0,0,0
0x25d7e24e5ae146a645f6e24e187c2c98ada2773c,1,1,0,0,0,0,0
0x25d94b021b69d9c01931ff40bd265cfc3d920f72,0,1,0,0,0,0,0
0x25da0c67a63ebd8df47835992b22df503a807b44,0,1,0,0,0,4,0
0x25dab234f1a0368656846412fa0c33a978315c07,1,0,0,0,0,0,0
0x25db2e489d21be85839992dfa0c17b500be02516,1,0,0,0,0,0,0
0x25dd328e9226f9157269213bc07c19aa2589b6bf,0,1,0,0,0,0,0
0x25ddd3363d523010fe3b7bed97ba7806a1a0ab6c,2,0,0,0,0,0,0
0x25df2edc10a16f05e579d127a902cac6fdff940e,0,1,0,0,0,0,0
0x25e0c624f3f8239ac3932699dc6c2551facbf714,2,0,0,0,0,0,0
0x25e1779f5f2fbdd378ced1a338f6c26aeb3d6ad0,0,0,0,0,1,0,0
0x25e41ae4b247baaae702cdc909d50fd14b2db7ea,0,1,0,0,0,0,0
0x25ea302afd1e9ca629ebb2ea97146152ee9fab96,2,0,0,0,0,2,0
0x25f10182e043bd93a5641e13327d3805e9bb0191,2,0,0,0,0,0,0
0x25f8cbe932495f3f172547243edef200792ebb66,1,0,0,0,0,0,0
0x25ff04031852660cbb733709890b9f92257ee731,1,0,0,0,0,0,0
0x260cd379410a753cb602c76ae59bfba68246e789,4,0,0,0,0,0,0
0x2610a8d6602d7744174181348104dafc2ad94b28,2,0,0,0,0,2,0
0x2612bb62eaa42991d12be0892c27040d4143e037,1,0,0,0,0,0,0
0x2612e95424e4039cce9fd0c40e584b52813effe3,0,1,0,0,0,0,0
0x261ace754fba8af93e1fecdff13640540402940f,1,0,1,0,0,2,0
0x261bb5e1c53248860f4bc405abaae3e0bfc12874,1,1,0,0,0,0,0
0x261d650a521103428c6827a11fc0cbce96d74dbc,1,0,0,0,0,0,0
0x2628e13a3cbdc52ed96b4b8d6b1041d3ef3a409e,0,1,1,0,0,3,0
0x262e1acb79822bfd711f04aa80d08b629ecdb299,2,1,0,0,0,0,0
0x262f4bb83b7a1a611d2abea14c9d336320b538c7,1,0,0,0,1,0,0
0x2632639ca944ac120477b3bc74ebbbe928c77b9f,0,1,0,0,0,0,0
0x2634baad203cba4aa4114c132b2e50a3a6027ff9,0,0,0,0,1,0,0
0x263c618480dbe35c300d8d5ecda19bbb986acaed,1,1,0,0,0,0,0
0x263fcd1e5737879842f513d793a077ede387bdc3,3,0,0,0,0,0,0
0x264979ffd35d608e69b69681f4bbcba9877e6c4a,1,0,0,0,0,2,0
0x26497b895c43b84bc9d5c33702dce87c1358a502,2,0,0,0,0,0,0
0x264dc2dedcdcbb897561a57cba5085ca416fb7b4,2,0,0,0,0,0,0
0x265c91539255a96e1005a0fd11ca776c183d04f5,0,0,0,0,1,0,0
0x266103db35d19da9c5826e0883428b07f4dc7c52,0,1,0,0,0,0,0
0x26613b4ca0cad3b418e49e19626c0ba3dd713673,0,0,1,0,0,0,0
0x2666f6a7873fac3160db60ca15fd911e7ff7394e,1,0,1,0,0,0,0
0x2668afe75c5b0b726c2b4388658edae365eda4e2,2,0,0,0,0,0,0
0x266be180f1bdda078b677c5d1c050268929f0da3,1,0,0,0,0,0,0
0x266fe968ce45fa3373726329ce6104b9ca4a9c66,1,0,1,0,0,0,0
0x2671bf62fdf173cfcb4b178d1a563ca84a349dc3,1,0,0,0,0,2,0
0x2672880d7be2b687b3a7f874fc4bf2eab7ab7074,2,0,0,0,0,0,0
0x267398927b5886df921b235afe9dbbe47fbcc37d,3,0,0,0,0,0,0
0x2676d51e7a2e532f8e944e6ea5ca1cd07048ab08,1,0,0,0,0,0,0
0x26788f0670bdf9594ba1a677a977e97eb68568db,1,0,1,0,1,1,0
0x2682e3ad5358932ac5cd8f8616912cec76ad680c,0,0,1,0,0,0,0
0x268b7976e94e84a48bf8b2b57ba34b59ed836a74,1,0,0,0,0,0,0
0x268d5bc896cc8ceb0cc1e82d80d9bee0995e2db4,0,1,0,0,0,0,0
0x268ec2ff9bb1c27b744f465ff25be9d578096c1e,1,1,0,0,0,0,0
0x268f03c41d3f33a697eed9c7f0632053556fae9e,2,1,0,0,0,0,0
0x268f39ebb4868a09fa654d4ffe1ab024bc937db2,1,1,0,0,0,0,0
0x2690402e8d303c1ca4eceff9e17c85dd7383ef47,0,0,0,0,0,2,0
0x26936b691450a838b6df4965b58f2c53a9139d29,0,0,0,0,0,0,1
0x26987c0b7712bf1df35b3781a3e96e793091d95b,0,0,0,0,0,0,1
0x26998144da0e9e7a960ee1d6cdfd7bf8c6b496a2,1,0,0,0,0,0,0
0x269b4c23ddab676e2869ae72cd6ae4f24bdfea45,0,0,2,0,0,2,0
0x269f1b8e3b874a813bdb6facb5f9e097f528b68b,1,0,0,0,0,0,0
0x26a9bab7b085582f56885f084174115e51fb58e4,0,1,1,0,0,0,0
0x26b5962250b779ab0f33970738a46fcfb00a70b9,1,0,0,0,0,2,0
0x26b5bf54e03bb6d42c27ef4364f72a2bf1eff3d2,1,0,0,0,0,2,0
0x26bf81f017a7149576dc5d82323172fcae9fd469,1,0,1,0,0,1,0
0x26bfad55ad49fdfb0014f8c9deca55946848ad3e,0,0,1,0,0,0,0
0x26c0e6f69b18125f68ac55f439b1e10c2a2e5c03,1,0,0,0,0,0,0
0x26c470a04552004672e248315df357d984595f0e,1,0,0,0,0,0,0
0x26c69e1b26553030a455e6bfd717bda20167a056,1,0,0,0,0,0,0
0x26cb3641aaa43911f1d4cb2ce544eb652aac7c47,0,1,0,0,0,0,0
0x26cd1f0943d5877f7de475571172f957c337d4e4,2,1,0,0,0,0,0
0x26d0a48c114026934d4d80283c1570280ee2e791,3,0,0,0,0,0,0
0x26d13bc704eeac5302ee27751d7873562d215a91,0,0,0,0,0,1,0
0x26d5b54ba01d5d5a18a99c3fc126c5eb356c1076,3,0,0,0,0,0,0
0x26ddf6cabadcbf4f013841bd8d914830beb0d984,1,0,0,0,0,0,0
0x26e0d3e2fddf317bd40c0002f93fcb40ff53ad12,0,0,0,0,0,2,0
0x26e285e69c6c42adfe5963d805e15ab7f09f92cc,2,0,0,0,0,0,0
0x26f4fb84b53dff7e148a8196f09bc492e55f2889,0,1,4,0,0,1,0
0x26fa4ab937bf885d06cfb3eabb89eeef9af1978a,2,0,0,0,0,0,0
0x26fb86579e371c7aedc461b2ddef0a8628c93d3b,0,0,2,0,0,0,0
0x26fe5848cf08a00936bfbdaec890da57c6e59ed6,5,0,2,0,0,0,0
0x2702ff94cb05717bfa47324872ab5c92b07a8982,1,0,0,0,0,0,0
0x27054b13b1b798b345b591a4d22e6562d47ea75a,1,0,0,0,0,0,0
0x27058b0fe23a4cdd08aced7ffd646647019cdab9,1,0,0,0,0,0,0
0x270c27a8e5b19f04cbf079797bbf2aaa931a22c6,2,0,0,0,0,0,0
0x27111ba99fb9f05a480ac3a4274565320f6d6dee,1,0,0,0,0,0,0
0x2716d9189adc5ee2fb35f193b79b5578c3d7bcda,1,0,1,0,0,0,0
0x2717ea295168058e783484dc0f3e35e25d6590df,2,0,0,0,0,0,0
0x271a0b465d5b453bb835afd2d671c76b2b76900e,1,1,2,0,0,0,0
0x271d92c9770758397391e1e6970ee9e6e49397a0,1,0,0,0,0,0,0
0x27218c41e1054dc0484acd2ad35def0ffd17782a,0,0,0,0,0,1,0
0x27223d03b1cbe352789c65024cbaf71ab5c90824,2,0,0,0,0,0,0
0x2722690a68f97e3361b958eb0b1dedf39190f6ad,1,1,0,0,0,0,0
0x272658b351c357e4f5dea20ad45f3761b44134c2,3,0,0,0,0,0,0
0x2728361ad889146544c48786b3a549f8b550c5d7,1,0,0,0,0,0,0
0x272f022a374fc7e9213b35952e167ea217303e18,1,1,0,0,0,0,0
0x2732dd0f79f6cf4f257232ea2291ffbab2c18c15,0,0,0,0,0,2,0
0x27369e8f43f44c26853a46da7e6cb52d203b59ce,2,0,2,0,0,1,0
0x2736d225f85740f42d17987100dc8d58e9e16252,1,0,0,0,0,2,0
0x2737e022e8bf733b05fa0706b0e80003a576ccb4,0,0,1,0,0,0,0
0x274139d5fc08f36c474537dadafc92cbdaaa8cd2,0,1,0,0,0,0,0
0x2742a7d469e34e277d6c306b2cb14a361c1ba254,0,0,0,0,0,2,0
0x274721fc334624e85ff8314971c6352c4cf6846a,0,1,0,0,0,0,0
0x2747fe8dc21d5efcc0787101dc986df028bd42b9,1,0,0,0,0,0,0
0x274b71f49dc3f5370da8c81e4e936eaf9a669321,2,0,0,0,0,0,0
0x275b69aa7c8c1d648a0557656bce1c286e69a29d,1,0,0,0,0,0,0
0x275f56c591af756b410ba8beba96fa196a8b437e,0,1,0,0,0,0,0
0x27643f124c35904cbd6a42d10791d0b0768276d7,1,1,0,0,0,0,0
0x276528880ac7e202f3db20d74402ea0a9c8774a8,2,0,0,0,0,0,0
0x2766e020837de2cdd97bb4509e0bda7797896406,2,1,0,0,0,0,0
0x2770ad33f5798542de5de4bc8beae3fadb8de1e5,0,0,4,0,0,0,0
0x27718f6f920781f551082e7b61bd5d046f394400,2,1,0,0,0,0,0
0x2771ef07defb079c309542e11219d97b562ab6b0,2,0,0,0,0,0,0
0x2773b55e67efaab67d6985311b2d888d3d4470e1,0,1,0,0,0,0,0
0x2774b5771f607938d4e9197b3a5ca9f21110cf11,0,1,0,0,0,0,0
0x2775f2a3c83bee1541d1d1bc308b3bb432b45151,0,0,1,0,0,0,0
0x27785351924abff1895cbfd6622b93692e5d7537,0,1,0,0,0,0,0
0x27798734d18d63b963137a360cadff807d479e50,2,0,0,0,0,0,0
0x277ed9ecdc0862f287462030fbbbb006a30ac676,2,1,0,0,0,0,0
0x277f5aa60c277aafa22f393d85af1cd037836343,0,1,0,0,0,0,0
0x27887a512107d43b4ebbf66df1c29bac7eba1f1a,0,1,0,0,0,0,0
0x278ae6f52ce72b0df6cba451534b87846acc9d65,2,1,0,0,0,0,0
0x278f5d89c85a4ac8aaa39e08444212cbb2546fd2,1,0,0,0,0,0,0
0x279128f8614974b2f81dbd2c1ed6d78a0b238c5e,2,0,0,0,0,0,0
0x2791528f5617e187a6d73c30034ac211b2f47042,2,0,3,0,0,0,0
0x2793a23341012e0970cf478bab08606b56504c3e,1,1,0,0,0,0,0
0x27945afcdea13201263bfe8c71d2e8fdffd35ff7,1,0,0,0,0,0,0
0x279594b6843014376a422ebb26a6eab7a30e36f0,0,1,0,0,0,0,0
0x2799d90c6d44cb9aa5fbc377177f16c33e056b82,1,0,0,0,0,0,0
0x279e152f96bdd4a0b3cb10b5fba0cfeea4a7429b,1,0,0,0,0,0,0
0x279f9f9b73bfdbe14e4912a6d5f7442ecdf97b37,0,0,0,0,0,2,0
0x279fd66b7621468ca14f60eaa205dae94c484dbf,2,0,0,0,0,0,0
0x27a8e297fefa4f15e856aea59ba9336e0dbf3c74,1,0,0,0,0,2,0
0x27b573f0a1810e14109c45e8ebe0761d4ca75736,2,0,0,0,0,0,0
0x27ba530d3d4bfd98a31eb7c9512e1ce502c990b6,4,0,0,0,0,0,0
0x27c48b2f1d99cab6f6f6ae143204a0029666e29b,2,0,1,0,0,0,0
0x27cc52118d2b150c40d35f39ddbc28835db0ff01,2,1,0,0,0,0,0
0x27ce49590684308d22fe7adcb8b80976701774d3,2,0,0,0,0,0,0
0x27ce70a584c085712cd42f20181237178ddc5a45,0,1,0,0,0,0,0
0x27cf5a8d216c923f95e63a12c5a0023aa6473763,3,0,0,0,0,0,0
0x27d16a670bec2e2db9e0ca367aaee6758d2cb3c7,4,0,0,0,0,0,0
0x27d99a6d64e8fd38a47fb87df2d80867d6c1592c,1,0,0,0,0,0,0
0x27e06500263d6b27a3f8b7be636aabc7adc186be,2,1,0,0,0,0,0
0x27e1d539cb59518bf14e4525b1c3b4721aaa9080,1,0,1,0,1,0,0
0x27e7383e49be6fd965805a0302b32e40c3d9981e,0,0,0,0,0,2,0
0x27eb46f50f1850be1fffa943822e00bb0377974a,2,0,0,0,0,0,0
0x27f2bf478f7d0c431328a56005b68432d18f26c5,1,0,0,0,0,2,0
0x27f41a9b45e0f2e4a42819197ddde96acfba5fc6,0,1,0,0,0,0,0
0x2802ba94e432ed58f4e7f34060d72fc19b5af124,2,0,0,0,0,0,0
0x2803ade692943fff909a20ee3109efb78282cab1,2,1,0,0,0,0,0
0x280daacbd812725baf46e273b84426b1e10ab410,1,1,0,0,0,0,0
0x281043fa2101009dc85d98e0fcd538d299f6eb1c,2,0,0,0,0,0,0
0x28152e02be1e8af3bec836d434798aec1143d7ee,0,0,0,0,0,2,0
0x281d30bf8b045e90578895619498ef5d6fd6584c,2,0,0,0,0,0,0
0x281f5b914b0d589f8193cd5e711c6920874e00c8,1,1,0,0,0,0,0
0x2821fb31998e60d220ff52af6299872f25a3e149,0,1,0,0,0,1,0
0x282417b21236ac01a3a3d7ba304ed8d284f48b4d,1,1,0,0,0,0,0
0x282c3971f8041bf4ab8b0d2ad0875e94958f8940,1,0,0,0,0,0,0
0x282cb0a611280ff5887ca122911a0ca6b841cb03,1,0,0,0,0,0,0
0x282d74cc2203e5c19b522876ca6fdee59d3b800b,1,0,0,0,0,0,0
0x282db008df771bc04c8a298d70471bc2d5dc6783,1,1,0,0,0,0,0
0x282ee54f8ecda53d6bb77df4a4134738375a0664,2,1,0,0,0,0,0
0x283144fc0ff045d5aebf509ad6914459d77f04ea,3,0,0,0,0,0,0
0x283640b9a2bba66a294c9b19cc4404cafd35c7cc,1,0,0,0,0,0,0
0x2836ad31220bb62d0df9f1b6354c75118dcbf247,1,1,0,0,0,0,0
0x28380d4942470c315c2974b934b2080751d35a77,2,0,0,0,0,0,0
0x283a97af867165169aece0b2e963b9f0fc7e5b8c,0,1,0,0,0,0,0
0x28454473f160e8918c2718ff835a177ca3aa9158,1,1,0,0,0,0,0
0x28466908f155e36adc16448d202825617dd6ed96,1,0,0,0,0,0,0
0x284b0f2f49d072836db87dd25d0623cd2f622bb1,0,0,2,0,0,0,0
0x284ff8b2acda5bbf3e7aa72dad0894ea716b5ffd,1,0,0,0,0,0,0
0x28577a6d31559bd265ce3adb62d0458550f7b8a7,2,0,0,0,0,0,0
0x2858f2b0d94947962f93e4387d391467ebd72166,1,0,0,0,0,0,0
0x2859021ee7f2cb10162e67f33af2d22764b31aff,0,1,0,0,0,0,0
0x28594a31a17d8b8d0a1140d3268c6a4bf550686d,1,1,0,0,0,0,0
0x285ce65705d26c28f7a720cf3bfe8b868c82a48f,0,0,0,0,1,0,0
0x285d362e41ccc116192a17d21a87f41fc26d32f9,0,1,0,0,0,0,0
0x2866befe5f09e62b58c1dd5816ed48c63f3bf99b,1,1,0,0,0,0,0
0x2868f8e9425a7f5cfe989026b6cabb19a01d51d6,3,0,0,0,0,0,0
0x286ae9778a87dc8d4eb4ac3d57b5b928d41abbff,3,0,0,0,0,0,0
0x286bbee3f20f1702e707e58d33dc28a69e7efd4e,0,0,1,0,0,0,0
0x286cb4612029a9cf5e5ae870af902fc6010bfde4,0,0,0,0,0,1,0
0x286e1b439e616b06f55f801fbcc5f0747e3d9645,3,0,0,0,0,0,0
0x2873f3dfa8b9cdcda9b619b0c3a62c2cd9daf5c5,0,0,0,0,0,1,0
0x287d2215c5f73fb53badc102f4ae0ca37b1d3d22,3,1,0,0,0,0,0
0x287fc5e0c7055660b2d05b4718a049141bb7e1ee,0,0,0,0,0,1,0
0x287fda15f8f002e5df9f536f10bbfc0816960f36,2,0,0,0,0,2,0
0x2880163d22b8742a8736b21ae9f8b7f239a22243,2,0,0,0,0,0,0
0x2880f03f181ee0967a00bac5346574f58f91b615,1,0,0,0,0,2,0
0x28863b9534af2a4c3d912e9a3b76b0b7b4fe2046,1,0,0,0,0,0,0
0x288d045357ac63438278af0b5b84d677713e7c30,0,0,0,0,0,4,0
0x288e847a2caf06b1a53af7078b898ddadc5629aa,0,0,4,0,0,0,0
0x28925299ee1edd8fd68316eaa64b651456694f0f,1,0,0,0,0,0,0
0x28926c46bc5c0aeab39c72f7c1201bfb8056d509,0,0,0,0,1,0,0
0x2898ca01df2dc4062e8b269806de4996295a1f5c,1,0,1,0,0,0,0
0x289b03530d0aaba543338205ba8ad3861cec4e3c,0,0,0,0,0,1,0
0x28a40acf39b1d3c932f42dd8068ad00a5ad6448f,0,0,0,0,0,1,0
0x28a7a4115df6a31b7a19de9ec20268357484b532,0,1,0,0,0,2,0
0x28a8ae348bbdc392497f9745832b5e0f0bd664f4,0,0,0,0,1,0,0
0x28a9824cc26361fe97417a60d5bd1225853db46d,0,0,0,0,0,2,0
0x28ac63a28c8edf8267bcadfd6161d4105a735041,0,0,0,0,0,1,0
0x28b07e3fe42cd85177bcbbad8e4b60e9e19aac0e,1,0,0,0,0,0,0
0x28b213902cd539e09992f4cbea374952cba5eeed,3,0,0,0,0,0,0
0x28b3381c0bf4658a2fa66fbcf6f31dcda1a7b596,1,0,0,0,0,0,0
0x28b37fb0ba50e7de6f5d8e9dbae557cc4903cedb,0,1,0,0,0,0,0
0x28b3b1c6353e6b9b0b914fe54e8354f3a4b31691,1,0,0,0,0,0,0
0x28bd55152293595c65652f175c1e8fa95d10be93,4,0,0,0,0,0,0
0x28be79bd9ac609876b03f692d8d85278d8cbc2f3,0,1,1,0,0,0,0
0x28c28bae5bc925efb66868eb9fd4117668617c91,1,0,0,0,0,0,0
0x28c3f9d254aa969c117ba828f9d96007bf41f7af,0,0,0,0,1,0,0
0x28cb4e001f87dacd8e97250e1312008668bd78a8,2,0,0,0,0,0,0
0x28cf5d37bc6461e1d225be94146b98a34d575302,1,1,0,0,0,0,0
0x28d48a116674c62043fb2d2a79427f18df59efc6,1,0,0,0,0,0,0
0x28daa51dc3d80a951af9c451d174f0c7156c6876,1,0,0,0,0,0,0
0x28df3fcb53b5efd091d816749d500c2e7c88d369,1,0,0,0,0,0,0
0x28e0d54349c00607505aadc713147140fb60ea12,3,0,0,0,0,2,0
0x28e860cb89e705de876f858671cb757f650fdae2,2,0,0,0,0,0,0
0x28ed09131bd546f2ce967d0f3c4c1869f9ead2db,0,1,0,0,0,0,0
0x28ee914b3308c9a138def98d392e017a781c5d52,3,1,0,0,0,0,0
0x28f01187b61d799f6d90a7c8c5325a9de95f025d,1,0,0,0,0,0,0
0x28f1135e43e61ebf303c8f1f9beef4f6a00dcb34,1,0,2,0,0,0,0
0x28f272fb35039753be682dc9a0f416c487c0bc89,2,0,0,0,0,0,0
0x28f2c01a3d86ee4faf037147f0aeb49c2eab47ce,1,1,0,0,0,0,0
0x28f379afad653336d200eec34be7558be455fa5d,2,0,0,0,0,0,0
0x28f4ae3275f38015c6e6eeefd9288a2d7bc7d023,2,1,0,0,0,0,0
0x28f94409b40213d95c0bd942fa16d6c679475bec,0,0,0,0,0,2,0
0x28fcee4d79b26be99c4e00d8690b6e95a45bd3f8,1,1,0,0,0,0,0
0x28fd414804a3fabf0740cd4ad22691d61163f20a,0,1,0,0,0,0,0
0x28feaf7324cff7ced002770c149ad4aef2df21d7,1,0,0,0,0,0,0
0x29056ca608e904bb5c5854e9fd6748ae2961ac93,1,0,0,0,0,0,0
0x2906f2b553dcfda6891cba64b0ac9e5780b5c1a6,1,1,0,0,0,0,0
0x290d7f8b8d7da1e92903405a74667c934ca8f086,1,0,0,0,0,1,0
0x290d7fa908f9b8fe86ac872f6dd417352b50f1ac,1,0,0,0,0,0,0
0x2910536d9d858760c440d89f7a3821a77708933c,1,0,0,0,0,0,0
0x2919336f7a427de135dc515fc5004b083d171ba4,1,1,0,0,0,1,0
0x291a043f014d12dc852b02ff752e5b70132bc328,3,0,0,0,0,0,0
0x291a1b4ba9e936741d5cb185ad74fa9a32d048d8,3,0,0,0,0,0,0
0x291de53a16b76dfe28551fd3335225f506db8b82,1,1,1,0,0,0,0
0x291fe087234eaa19f8b16b5d341b4e4540c220aa,1,0,0,0,0,0,0
0x2920e0b7d86ab76aa09bcddffedef081faaf6e2c,0,0,0,0,0,2,0
0x292317a267adfb97d1b4e3ffd04f9da399cf973b,3,0,0,0,0,0,0
0x292d448b46f5419387e3886e89680ed4b7d62d09,0,0,1,0,0,0,0
0x292e8030f21039cdbbfb797d547f57e0a031075a,1,0,0,0,0,0,0
0x292ee80f00e83faa51a793a87503024f36f3a1dc,2,1,0,0,0,0,0
0x2931b36154a10bde01373af56623705d128155b5,0,0,0,0,0,1,0
0x2932746414a6766a2b4a472cb3a2624f5667fd83,1,1,0,0,0,0,0
0x29337fcb169f2457787f3e6c2f2bc64c62b2d34d,1,0,0,0,0,0,0
0x293ed09bfc80b93cdf5a64306aaedcfad3c64955,0,1,0,0,0,0,0
0x293f4f057a37f3b1806dbb362bddb242c0c39add,3,0,0,0,0,0,0
0x294308484f47ff5a833a284ac6949eb02728fbe4,3,0,0,0,0,2,0
0x294789e8b87f471caa39c4757204f945683091e5,0,0,0,0,0,2,0
0x294ee9f35988af1ce361409cee4251a293d21f5c,2,0,0,0,0,0,0
0x2955e1a797f621dd865cf30e7406d973bf7bd769,1,1,0,0,0,0,0
0x2956264874862a68cd7b6a6a62760801a9e5a581,1,1,0,0,0,0,0
0x2958ff9b325135374605b4e6987140a53394c6a6,1,0,0,0,0,0,0
0x295b13831dc5c5df5e0ed3df874d9be83c79ac15,1,0,0,0,0,0,0
0x295b52907435bfa10e6edaa7d11d976e6e97ca1e,1,0,0,0,0,0,0
0x295e65915bf0a884dcb225d0b60f95f25626e221,2,1,0,0,0,0,0
0x29632c10d76bd1aed6b1524bf5bde4c992610670,0,1,1,0,0,0,0
0x296556605b5a0d78b7252393a22e89bd24af7bc0,1,0,0,0,0,0,0
0x29670620d09563868de0c0597d416ff3a23b8606,2,0,0,0,0,0,0
0x296b13cdf513436ca34889f79d516018884374c1,0,0,3,0,0,0,0
0x296b3fc8e3cc768f834152586e5ad708bfe8f163,2,1,0,0,0,0,0
0x296ead3129b49d60cf9b30316397bed82ea8c8ff,1,1,0,0,0,0,0
0x296ec7b2b224ea122f8f8f9be2a824df092fc82c,0,0,1,0,0,0,0
0x297296cc5ff7b6315b59fdaf590883832a39cccd,2,1,0,0,0,0,0
0x2974aa2c025aeac44bb8d284e33b9e7d527f0025,0,1,0,0,0,1,0
0x2976ac3d0bb67c6307a73df852c61c14cdda9863,1,1,0,0,0,0,0
0x297ac8bc7540bc241f065fcc22c570b40170b573,0,0,0,0,0,2,0
0x297fbad9810ab3d52abc4f1720bc24cac8b22c56,2,0,0,0,0,0,0
0x2986402f1e6c4f01acc938e21f78d34fdad30878,4,0,0,0,0,0,0
0x29880855d419c6fa0e8c7fdfd985c80f286d914e,1,0,1,0,0,0,0
0x299187bb996599f7fc82df025ee8964cafe3085a,0,0,0,0,0,2,0
0x2992221bc5f79681635c2b490cca47cac0a2bd7c,1,0,0,0,0,2,0
0x29946bc47b8e8a64562816bd6c62e9aa023dfb92,4,0,0,0,0,0,0
0x2997ab37017123cbda1529adcdc591ed81d58255,1,0,0,0,0,0,0
0x29c690419841e126b74981e4709e43916ac80f64,1,0,0,0,0,2,0
0x29d79f8ac7d22a4b1a5e7630f3d48e8d291d3f11,0,0,1,0,0,0,0
0x29daf1dc4eb5c8b519b24d06812a0f92a5d973ae,4,0,0,0,0,0,0
0x29e8c6541ce50cbd1b52f719926ae805f99535f9,0,1,0,0,0,0,0
0x2a062a343b53bb8fcee929d50f14ce4b418f455b,3,0,0,0,0,0,0
0x2a0937dedadf8fe3f16a779c56524739ef77f149,1,0,0,0,0,0,0
0x2a287b4ebe1efb6b37ad1ed3141f0db1a1c51c99,1,0,0,0,0,0,0
0x2a46885f8e02ce11dd21209f3cbc3e91561cfc8a,3,0,0,0,0,0,0
0x2a790479cd47f686804fe570b903f3b6cf08599d,2,0,0,0,0,0,0
0x2a8cef60776d931eb1200aa2a9877eb091cb34a7,2,0,0,0,0,0,0
0x2a98c6dcac6d759695b09cdf6b26cf4a13370a57,1,0,0,0,0,0,0
0x2a99ff217a1077facf743a2eecfa5c56f22383de,1,1,0,0,1,0,0
0x2aaefbac989f8951436c36474c304af7bf31bb26,1,1,0,0,0,2,0
0x2ac6c3e75ea7bd845c8f84cb5180e1e9e9f1dfea,2,1,0,0,0,0,0
0x2ad8529da0488a7c2a1af1e22d1902f7ad2943eb,0,1,0,0,0,0,0
0x2ada0cddb716033e52c3d591ad12a59103230e52,0,0,0,0,0,2,0
0x2add07c4d319a1211ed6362d8d0fbe5ef56b65f6,2,1,0,0,0,0,0
0x2aec18c5500f21359ce1bea5dc1777344df4c0dc,1,0,0,0,0,0,0
0x2af0c33dd87bc66b8bf8f53c4f599186d0ec7d8f,1,0,0,0,0,0,0
0x2af8b34f04e93c79ee3a1f300a019f29869d896a,0,0,0,0,0,1,0
0x2b1a25c869017b8cac04c91763bee039d5353ec0,1,0,0,0,0,0,0
0x2b684e8905a850a91f5eea913a19dae3926a6703,5,0,0,0,0,0,0
0x2b6cb3e260fedcaa522f5b6d3c02b8716345d26d,1,0,0,0,0,0,0
0x2b93194d0984201ab0220a3ec6b80d9a0bd49ed7,1,0,0,0,0,0,0
0x2bae8bf1d52cf870381c6c02f0256f1b68d7aa2e,1,0,0,0,0,0,0
0x2c110867ca90e43d372c1c2e92990b00ea32818b,1,0,0,0,0,0,0
0x2c1180e2818069e5a9f911e636fb8f3db5106a9f,1,1,0,0,0,0,0
0x2c2a721d303dc4273725c6aa8704ec8d1d3d17b1,0,0,0,0,0,2,0
0x2c31dbd57a56d953be4396c42089c95f5bbf603d,0,1,0,0,0,0,0
0x2c39f92294f436c956f12dcd801a3181e77f8851,0,1,0,0,0,0,0
0x2c3b9d47f9a80507e93c9401eb22e111672604a3,1,0,0,0,0,0,0
0x2c3f2451143e8cec0341b064fcb8fe137ce5d6dd,1,0,0,0,0,0,0
0x2c793ecf55c53a149a76e895dcb335da47e46526,0,1,0,0,0,0,0
0x2c7a0708aed7126d4b58b07f9bb58ba40b996418,1,0,0,0,0,0,0
0x2c7d9a0416d00ff65bd851e8fc3badb1607db582,1,1,0,0,0,0,0
0x2c82c73d5b34aa015989462b2948cd616a37641f,1,1,0,0,0,2,0
0x2cbf103901196f99619f2bf9accdf079e9c76819,2,0,0,0,0,0,0
0x2cf02304f36effd519be79850d21335684c6073e,0,0,0,0,0,2,0
0x2cf1093158d4197e84d842122fc4fa34ccd46220,1,0,0,0,0,0,0
0x2cf618c19041d9db330d8222b860a624021f30fb,1,1,0,0,0,0,0
0x2cfc06b1ec0735bd7ef00b211764cc7e06e9456a,0,0,0,0,0,1,0
0x2d04c7051112c47ee74a41c723f791b499aa6b1a,0,1,0,0,0,2,0
0x2d05359a51ca13c4ac5f4437585afaf5bf2050f9,1,1,0,0,0,0,0
0x2d1fbbd6f82738ca00b09024a81e12a8816a22bc,2,1,0,0,0,0,0
0x2d295c19f405048c576b4c1179ea2458e8e13935,1,0,0,0,0,0,0
0x2d35297a8f988a5d8bda3d63d398b529bba0b107,0,0,0,0,0,1,0
0x2d3dfd15b98b4291564294ca9cebd8484b3c3775,0,1,0,0,0,0,0
0x2d3e7d4870a51b918919e7b851fe19983e4c38d5,0,1,1,0,0,0,0
0x2d50c2dd998aab26a666a5e9f15e7f32ad9e8ce1,3,0,0,0,0,0,0
0x2d64234ff9295174c9805ca68ef5f9ac63f21554,1,1,0,0,0,0,0
0x2d784562eb7538cc5e5dd5de880d2a1cc241c1bd,4,0,0,0,0,0,0
0x2d820ea3a6b9302c500feeb7f6361ba1ddfa5aba,0,1,1,0,0,1,0
0x2d92102bf50c111d59b93f7a10bafd13e770ed61,0,0,0,0,0,2,0
0x2d935e1e98f3485518b918478dc1dbbdc2c9d9fc,2,1,0,0,0,0,0
0x2d9498d0fd6f40760d53a847eb64eaf51c9b8e74,1,0,0,0,0,0,0
0x2da35901659e6bc37045d4ea0a7eba88cb3d6b0a,1,1,0,0,0,0,0
0x2da41c37504ab0509ea4bff4337c92f6a7ba9eb6,1,1,0,0,0,0,0
0x2da4bb51e59d0b156b5e19bb3f8eff0279e1ffa2,1,1,0,0,0,0,0
0x2dd09c71d951148bba0f25be7f76ba401fe8ef84,1,0,0,0,0,0,0
0x2de9307ff85d1ca43fa8448de90038a9c719f459,1,0,0,0,0,0,0
0x2dfb39072368a67b419e873d39848707b5234935,1,0,0,0,0,0,0
0x2dfd9060bcb9146c2a02e00a776dcaeeae3cff44,0,1,0,0,0,0,0
0x2e061fdfbb2c63a43e4490465d3862094b38f394,1,1,0,0,0,0,0
0x2e0b77cd408989a8f09e22d2c832be793f167aae,1,1,0,0,0,0,0
0x2e0ed230795f1bd24996f82c76b7bd0d86120e34,1,0,0,0,0,0,0
0x2e2e617e4625c6a30a3290dde5b689212ff061e8,0,0,0,0,1,0,0
0x2e3df0b5e65d5670b4f49207367c260559a22fd8,1,0,0,0,0,0,0
0x2e485b285d84f09dc4663c8490aafbedce913b10,0,0,1,0,0,0,0
0x2e59c87e9349242063793761780550374a3146cf,0,0,1,0,0,0,0
0x2e685a1d919fea5aa294d0ee794f492fd9e93611,2,1,0,0,0,0,0
0x2e7c2e45eb417a76132b7c1fd0be00875be8a00d,1,0,0,0,0,0,0
0x2e87fbbf2f222e8dc16ae29441a47ffc07503063,1,1,0,0,0,0,0
0x2e8d19eebcd9ff385b8c00f206ddd32e883189c5,1,0,0,0,0,0,0
0x2e8e02e29bdc2ef651c351d70eceac23f6349c6f,1,1,0,0,0,0,0
0x2e98a6804e4b6c832ed0ca876a943abd3400b224,1,0,0,0,0,0,0
0x2ea20ba1c704db0822b78e146cd7a5f3b0342fb1,0,1,0,0,0,0,0
0x2ea313b7e47b79e82bd9a6e00364cd1bdf2355f5,1,0,0,0,0,0,0
0x2eac4037a8df73f7ddde34b8153c16ded607ff8b,3,0,0,0,0,0,0
0x2eb067b839bb553e109eeeb215a08fe8cc799080,0,1,0,0,0,0,0
0x2edd739976bf60e2b5a7a9fdb4a96e0dad4ca21e,1,1,0,0,0,0,0
0x2f4330e833c76860ea54f15b0195ff80a2c519c4,0,0,0,0,1,2,0
0x2f50ab197f950e0c2184cf5d804f4141502cd987,2,1,0,0,0,0,0
0x2f55045439c0361ac971686e06d5b698952f89c1,0,1,0,0,0,0,0
0x2f561670d669a91607f53cbe114226f5c7e8d99d,1,0,0,0,0,0,0
0x2f5c4a85d7e133c4fefa5a0c0ba1447a1af86996,0,0,2,0,0,0,0
0x2f5c8d7259b48078c0b6c0a7cf6269e3817680e5,0,0,0,0,0,2,0
0x2f5e078353e781ef9a9b17c2e8e30d3652d6cb83,0,1,0,0,0,0,0
0x2f664dccaef62d345d78b62a8095acc828e67e4c,1,0,0,0,0,0,0
0x2f6935ce3a430e7fb6a22b8d374a4f7991899561,3,0,0,0,0,0,0
0x2f7823aaf1ad1df0d5716e8f18e1764579f4abe6,2,0,0,0,0,0,0
0x2f85e6449bcf407cf8a83f82bc006c97a5fc3ebb,0,0,0,0,0,1,0
0x2fa8e7866d68e51d2cc2eb0bfa75d1613d83a2b3,1,0,0,0,0,0,0
0x2fae88f1f066deba33065d44353aeb7ac9e68134,0,1,0,0,0,0,0
0x2fafd7504c1e4a03b49016159bc6dc07a07536ac,1,0,0,0,0,0,0
0x2fb056c0d74728918149607143cd28035b6a60f3,3,0,0,0,0,0,0
0x2fb23f5b0b18e947186c9cc848b86d550c81711c,1,1,0,0,0,0,0
0x2fc6919c8881ad306ebb2a13982d8a3e121683b6,1,0,0,0,0,0,0
0x2fdd5095ecf5f563a80826bd4b381532e7d43c9e,2,1,0,0,0,0,0
0x2fe321bbb468d71cc392dd95082efef181df2038,0,0,0,0,1,0,0
0x2fe3538f247b0152583f9eedf87aa922aebba6d2,1,0,0,0,0,0,0
0x2feecd120111e5aab7b3a22fe1177a392cfe0f4e,2,1,0,0,0,0,0
0x3008a6c26e54399fd0ece8fd2e5e06b3d807509c,0,0,0,0,0,2,0
0x300a0a820d8fb6e77850da5eaa8df64bbff5746d,1,0,1,0,1,2,0
0x300cff0f78f58c8b6d395ca0ebe8604137884ce5,0,0,0,0,0,2,0
0x301487766dcf283592b11b5988e5c4e4630dfbe5,0,0,2,0,0,0,0
0x30169203b76ff6a1879983efe66a65c31fa7758e,1,0,0,0,0,0,0
0x3018acf3c08abb6f2a6774c32a041cf12a5c2da6,0,1,0,0,0,0,0
0x302eb72befc8af539432ec32c39423525412748f,0,0,1,0,0,0,0
0x304281f3d1023a2039ea930c65f8f721d7c746c8,1,0,0,0,0,0,0
0x30aae1a150da7519394063269c0c16b9ca3e8573,1,1,0,0,0,0,0
0x30b56211bff70233c3a656981ed638634472d621,1,1,0,0,0,0,0
0x30d5f039375a1c6977b32225ad8c9a409d5dd31f,1,1,0,0,0,0,0
0x30d62b3392520580ffc74d7326bb29a4bf541a4d,1,1,1,0,0,0,0
0x30dc851be3c09af90c0c8a9dfdd7db85b9d8b304,1,0,0,0,0,0,0
0x30f7411efcd4acc98c41d5ae6fe3cdd35aa1b68a,1,0,0,0,0,0,0
0x3106526a07ee43ca97d794ec3ba3578a47d84cfb,2,0,0,0,0,0,0
0x3108d30b658254cd59e9a35d881a13eeb16cd091,0,1,0,0,0,0,0
0x3115f7c7eb8f7a60c560681974b2c7de530aa6f3,2,1,0,0,0,0,0
0x3116c449b8980e50df1047886c6042300bef9b96,1,0,0,0,0,2,0
0x31243ce202f30d4aa4ed723b927fa8731cb951e9,2,0,0,0,0,0,0
0x312d25cafdd6822c7b5dcdc8c7434e72f6e39c19,2,1,0,0,0,0,0
0x313c54eb9f08f1be0f18e8ad505135fa7041a52f,1,0,0,0,0,0,0
0x313df3fac623a824c8e64b4c47cf62fe0b75809e,2,0,0,0,0,2,0
0x3149538b90a20b55205b5e7d2ceca5bcfdef7b58,2,1,0,0,0,0,0
0x316ee6b10479576e908e5272458c789c3f4d2a47,1,0,0,0,0,0,0
0x31970fb95c9b5ce8679fd4247675211c9a104d8a,1,1,0,0,0,0,0
0x319fe5e87a37967a70c21598090c1f19ace5d1f2,2,0,0,0,0,0,0
0x31a5f35f32756fe35d39bafe85607d93185b23f2,2,0,0,0,0,0,0
0x31a6ba952064f3895e29a5a7f0731287368ab89e,2,0,0,0,0,0,0
0x31ac1331eed69beefb33aa992989605beac875d2,2,0,0,0,0,0,0
0x31b075165298e6fe352fa7e2ed550d2d28701496,2,1,0,0,0,0,0
0x31bd42a29642e388bcaf57bd020955ef2783725d,0,1,0,0,0,0,0
0x31c8772dc63a3c63bbdd754a77b1b39331485df0,0,0,0,0,0,1,0
0x31d4c5be1082a88f2abafea549b6c189c2cf057f,4,1,1,0,0,0,0
0x31e0bad1c91a49ca863e7fc63b53dc03441bbf2f,0,0,0,0,0,1,0
0x31f16d6e6cd4e66bfa479009090b49c5781bba00,2,1,0,0,0,0,0
0x31fd65340a3d272e21fd6ac995f305cc1ad5f42a,1,0,0,0,0,0,0
0x320af898ba522062419dd967ab9e2dad9f860d2f,0,0,1,0,1,0,0
0x322909bb3aa921f101d829c0edf57493468d9bd4,2,0,0,0,0,0,0
0x324d65aa829a9b976fe661b03a7d4cd0d66ff843,1,0,0,0,0,0,0
0x324ddd3145d415c87efea9f2e43eacb63c195764,0,1,0,0,0,0,0
0x3258ff5a650d2a4601c12bc3da495557ef354066,0,1,0,0,0,0,0
0x325f89386b72087530440e0bceb8490d78b47f21,0,1,1,0,0,3,0
0x326ce88b27c196d0387f5df7ae085c1203185cb4,2,0,0,0,0,0,0
0x3293cc907fde439b39aedaf1b982785adaff186b,1,0,0,0,0,0,0
0x32a44d9d49a05f9049cd7f8eb0e3d19c90dd2421,1,0,0,0,0,0,0
0x32b2dc789ca341119b03c86c0a3c0b613e4835b6,2,0,0,0,0,0,0
0x32b6ddf4912141d1387860606ed4503bf87a6196,1,1,0,0,0,0,0
0x32c432ba02c7166133db50bacb3453de14f9824d,1,1,0,0,0,0,0
0x32c5ddfc626235c96de8d565c53ec863f26c99ec,1,1,0,0,0,0,0
0x32c62c965db5fdac0f94e6276d6884070068d4be,2,1,5,1,0,0,0
0x32cd77627ddb1dd8bda46e35c6e68aadfe916066,2,1,0,0,0,0,0
0x32ceb540334300bcd53836a25a4bd64d607babd8,0,0,0,0,0,2,0
0x32cf691c1a07677e68af4b315fdb6a5fe65703ee,1,0,0,0,0,2,0
0x32cff49cd98e8af9dd2ba3ac370949fb06f6a412,3,0,0,0,0,0,0
0x32d0be5fc087da980b07cb1c3a7afb9ec039cb6a,0,1,0,0,0,0,0
0x32d1df5e0f21f73a11cad1e9b443ef0f669bcdd0,0,0,1,0,0,0,0
0x32d55157bd2ae652f4b6be48ee4a7a1686d28a3f,2,0,0,0,0,0,0
0x32d685f8236a454ac2a0808953dcb38d4fba72aa,0,0,0,0,1,0,0
0x32d782c283924f1e40b2a839b8121564b7b9142e,1,0,0,0,0,2,0
0x32dba556c82f6106bbb9982812d0255cf1959109,0,1,0,0,0,0,0
0x32df1ab2161317adbeafd47bcb30a2f1a806ccfb,3,0,0,0,0,0,0
0x32e2150b69072fc331f7e4dff202d5bc4cb7156f,3,0,0,0,0,0,0
0x32e730afe4332bf98902ea59c3d003e81b5c7c69,2,0,0,0,0,0,0
0x32e78bdc108565c3f3811a8dc00da797b6c96dfe,0,0,0,0,0,2,0
0x32e816ea26806edc713058068aef312a99cfd96c,1,0,0,0,0,0,0
0x32e996a5a0b6d93c457bfa70917b08622ccdb3f4,1,1,0,0,0,0,0
0x32eb7fa944ad61b0cf093499af12f35a479315a2,0,1,0,0,0,0,0
0x32ec2e6967687825123c5c0f30c18e2c47708df1,0,1,0,0,0,2,0
0x32f1c992a32376fa0f723aecaa247119d3f7f8bd,0,0,2,0,0,0,0
0x32f1ee166437b15b7716f51f2cbb53a57475bc76,3,0,0,0,0,2,0
0x32f916bcfae02a2a385ec0219a07fa2374bae7bb,1,0,4,0,1,3,0
0x32fabade1d0e05f98c8bbe89e66c40db040cbe8e,4,0,0,0,0,2,0
0x32fb35728c3d95ac9591708bfb91136577ab1dd2,1,1,0,0,0,0,0
0x32fcdefa047d8edeea0c21a50179b18181074c60,0,0,0,0,0,2,0
0x330ac216a5a8ccd493f3b9e33a524be3c7124217,1,0,0,0,0,2,0
0x330ac902cc4cb12e02249358dcfe3f60785e3439,1,1,0,0,0,0,0
0x330af5ff0b2f883c86de0ec09f3456d686bdc93e,0,0,2,0,0,1,0
0x330b37346f0e759ad29af0221d249f5227876ac4,1,0,0,0,0,0,0
0x330b88d40e85163cc2e27251e7defbde67851e6f,4,0,0,0,0,0,0
0x330bebabc9a2a4136e3d1cb38ca521f5a95aec2e,0,1,2,0,0,4,0
0x330e24d4aa0a60acac8f9fe6d674d3cf1e8042c6,0,0,0,0,0,1,0
0x33107312890cf911020351d24c15c622a7df608b,0,1,0,0,0,0,0
0x33116db6c6942903653e74d9580f0f7c7abe1cbe,1,0,0,0,0,0,0
0x3311769b0a913c4d5e74cc179fc4bbcc51861fdc,1,0,0,0,0,0,0
0x33147d0f721ddfd82408dd1c890eff4ad7ecd80e,0,0,0,0,0,2,0
0x331655585e8893961f8e8e427f5f8dedf6e7f0af,3,0,0,0,0,0,0
0x33201831496217a779bf6169038dd9232771f179,1,0,0,0,0,0,0
0x332124f226e80c3afdbb59271f550881b20604a1,2,0,0,0,0,0,0
0x33227687626914030c8213e31d021ce9940728ea,0,0,1,0,0,0,0
0x3324d52c43952d53cf28b421c813efdc9c85af55,1,0,0,0,0,0,0
0x33259c14a28c89af457c9dbac9743f3efb651f09,1,0,0,0,0,0,0
0x3325d0ea1eb601ff0d60083becff55353bea44eb,3,0,0,0,0,0,0
0x3325e30f4326f17bdd79146db0a3835175f0e982,0,0,1,0,0,0,0
0x33262f34eb8bd760706ede30c908cb1beb5aaf6c,1,1,0,0,0,0,0
0x33286518eff61b810b9796cf847d84be65160147,1,0,0,0,0,0,0
0x332e68dabba9ac8ac5f9a11423f7e72a8b648d1a,2,0,0,0,0,0,0
0x332eeaa966e0d7dcf2c5373b9b9c88f8be2eee15,4,0,0,0,0,0,0
0x332fe77fcfad33eab527777000198e8e2f9ccac7,1,0,0,0,0,0,0
0x3330a571af9e2cab4a4b609b6010f2becc65ae24,0,1,0,0,0,0,0
0x333b20d643b58263e1558de655fda9cf7d07c401,0,1,0,0,0,2,0
0x333b63f5c455f381bc2a13b1b8aa7da31fd1fc02,3,0,0,0,0,0,0
0x333f37329c6d2346001501f235d33bf68ec1cf5e,1,0,0,0,0,0,0
0x3341b14ea28a4627cd807d704fbb85ff51239775,1,0,0,0,0,0,0
0x334425ef9a828e31ff27e0754a3198edb714c57b,0,1,0,0,0,0,0
0x33493d18bac3649f00163d3f0e1e2d374a7dd4c6,1,0,0,0,0,0,0
0x334eec1482109bd802d9e72a447848de3bcc1063,2,0,0,0,0,0,0
0x3351a0eacce46f1bd59f1d9384b0b691811ad46b,0,1,0,0,0,0,0
0x33555a3130fc40082a566005714eeec369e62fc8,3,0,0,0,0,0,0
0x335a09936b7c00f22af83a0990a44661aa64160b,0,1,0,0,0,0,0
0x335c949c06fa1ba8744d98e3aa2c2a2deaa9255c,1,0,1,0,0,0,0
0x335f62470ef07f588df3f845ffce4dd7b8c068a1,2,0,0,0,0,0,0
0x335fe4a7ff2150d88f66b8cfd6eadbe0656e9ca9,0,0,1,0,0,0,0
0x33636955442d59ae80808e7e40fabe5074ddb7e7,2,0,0,0,0,0,0
0x3365560754379382d568be87a70dbb0254bae642,2,1,0,0,0,0,0
0x3366cfd8dd3fc653e7dcd56cb9111d848b3732e2,0,1,0,0,0,0,0
0x33685492a20234101b553d2a429ae8a6bf202e18,1,0,0,0,0,0,0
0x336db6c1ead9cc4d5b0a33ac03c057e20640126a,0,0,0,0,0,1,0
0x33720000b3b3bd4b631b76f85049306be257ddc7,1,0,0,0,0,0,0
0x3373bbf962190b158902a27fbc2d9277a05b10ab,1,0,1,0,0,0,0
0x3373f2a1d0367096f7ac197a0512cca890e7235e,1,1,0,0,0,0,0
0x3375d3d9df8c67b3d7ebce220c3dda4be03dce31,1,0,0,0,0,0,0
0x337f0845b56496406585f42800e64e3af08035e3,1,1,0,0,0,0,0
0x338683298798ffefb4cabeb9ef3a18915b3a42e3,1,0,0,0,0,0,0
0x3388d5ce5388d72f5fb5858bd6de7a28ab1a08c5,1,0,0,0,0,0,0
0x338c6906ce36ec61b8a74364bb29ea6ca8cf12c9,1,0,0,0,0,0,0
0x338eaf8b7a2b5f50504d82fd4d522d64d9350149,0,1,0,0,0,0,0
0x33914fa445969ded631bf4c33d8882c225386620,0,1,0,0,0,1,0
0x339150b0851bc5b3c0323789a58cc4e4afb38b37,1,1,0,0,0,0,0
0x3395465cb04b8ebd2ae2647cf37bcb2384d71d49,1,1,1,0,0,2,0
0x3398080b81a1cff1429af347ce2b17fc28de3937,0,0,1,0,0,2,0
0x3398c63be81ad42b6afaab306d50990abdae1dda,0,1,0,0,0,0,0
0x33a0924b74b8ec4bc654a5dfd6603a7c27ab0af4,2,1,0,0,0,0,0
0x33a104dcbed81961701900c06fd14587c908eaa3,3,0,0,0,0,0,0
0x33a1423dcf944158121beae83cda253a30c7e9de,1,0,0,0,0,0,0
0x33a22bcafd6ef4e4a5e322f9a3910298a3c043a8,0,0,0,0,0,1,0
0x33a275b9cd129b34e5f0693d82d6d3db26b0c3a0,1,0,0,0,0,2,0
0x33a56a411b6908b06dc2497eb3dfac1d96db22f2,2,1,0,0,0,0,0
0x33ac37240f71629294de98e0b51f904fda17a366,1,0,0,0,0,2,0
0x33adb1613254c57ca2dad0617917b13ebc2e5cbc,1,0,0,0,0,0,0
0x33af2f038c8b0dab2cba4aa7c16dfeee68f47d77,1,0,0,0,0,0,0
0x33b2da583464847f65aefa3d657cabdb0a9c0580,2,0,0,0,0,0,0
0x33b44a1d150f3feaa40503ad20a75634adc39b18,1,0,0,0,1,2,0
0x33b7a018934c6e90fd63189d7c4517f0f776142f,0,1,2,0,0,1,0
0x33bb3221e512c812e7036c260a6c240b2c0bc317,0,1,0,0,0,0,0
0x33bb55835499b4013686e39de293ee4d832bbca4,1,1,0,0,0,0,0
0x33bd43ba9c71968c132f61246a79c18f9bdf0267,1,0,0,0,0,0,0
0x33bfd20660eeaf952e8d5bc3236e1918701f17d0,1,0,0,0,0,0,0
0x33c1aa1014e4ffd61c312671a42ecff8aef6201f,1,0,0,0,0,0,0
0x33ce216c10dea5e724b7a90628ce7853eef127b3,0,1,0,0,1,0,0
0x33d19f9e3e3f083ec5c2425401cc53d96e79ac3a,0,1,0,0,0,0,0
0x33d1a1a2d781d395eace70e69423c594e52f1a8b,1,0,0,0,0,2,0
0x33d514e149ca8405ad9644d5fd2384b645abd668,3,0,0,0,0,0,0
0x33d99efc0c3cc4f93da6931ec2cccf19ca874b6d,1,1,1,0,0,0,0
0x33dcb440beb0c640fa75ac297bc2e048e6853844,1,0,0,0,0,2,0
0x33e127da2426822408b1d41344146de02ee48670,3,0,0,0,0,0,0
0x33e85f62383aa7601d6ca117fe35b9b397ffe056,0,0,1,0,0,0,0
0x33ea26661f42aa6cdbdb63cad1677976bd502876,0,1,0,0,0,0,0
0x33f605291ad6305379404e86253ee4f7f0a713ec,1,0,0,0,0,0,0
0x33f82dfbaafb07c16e06f9f81187f78efa9d438c,2,1,0,0,0,0,0
0x33fcaf980028cd42f9ca3675645d42db8aa4065b,2,1,0,0,0,0,0
0x3400696045f706f3309927cb8fdf63f07b616c6f,0,0,1,0,0,0,0
0x340085ed7d6c18dcf4c8b661fba6bd95916c8644,2,0,0,0,0,0,0
0x340844b39aacbdb4e7718fa14a95758f87a09a9a,1,0,0,0,0,0,0
0x34094acd5d62f0b9a17aeabf3c6992677ed5484b,1,0,1,0,0,0,0
0x340b84a70520f721fde96c7ad663383c31e416cb,0,0,1,0,0,0,0
0x341199e2387bcf1c356881f4bb5dedbe33ab26b1,1,0,0,0,0,0,0
0x341492c5f449ca8accae37d73aed8fcd21995ef9,3,0,0,0,0,0,0
0x34166bea3096cfbf51dd924694401f04f4e84cc0,1,0,0,0,0,0,0
0x341baffd0b71a1435378fed01cdea14610f0e51b,0,1,0,0,0,0,0
0x341f8e038ee688ac2e76af210035696eab0a4f66,1,0,0,0,0,0,0
0x341f9c6c60c07fd11ef0bbc93586a2b9d68bfcf0,1,1,2,0,0,0,0
0x3420894bf786866a09937b0369d5b4781870c21f,1,0,2,0,0,0,0
0x342cdf3fbd50c1015d2d0918d5a3684cd48e56e3,2,0,0,0,0,0,0
0x342d4b16b3856cd468cf9d4d33379b8dbc289752,0,1,0,0,0,0,0
0x342f4057110be50957d0f156f4939a929944c69e,1,0,0,0,0,0,0
0x3436b4ef283f4e4c5592b7a8510f27e87927b06e,2,0,0,0,0,0,0
0x3439cf24121115a1d9898bba876037272e2f0bd2,0,1,0,0,0,0,0
0x3442bf71687874fbe7cb1bf3b166cc9345b46f17,0,0,0,0,0,1,0
0x344bd3872f67d37757b48155ba4666e780fc47b5,0,0,0,0,0,2,0
0x3452519f4711703e13ea0863487eb8401bd6ae57,1,0,0,0,0,0,0
0x34570cf88db31d4c518dee6057ff78e895dd80f1,2,0,0,0,0,0,0
0x345943aae101bfc73aa32eaff2b9abe7d6790b71,4,0,0,0,0,0,0
0x345ab5e5f971dbdbc92af2779ce7a8bbf1819e59,1,0,0,0,0,2,0
0x345e5427a6183df9a1c883dd8dfd05cf6b0e7c87,4,0,0,0,0,0,0
0x345f58b7610bf98ff1dd9315d2ce79593671ca4d,0,1,0,0,0,0,0
0x345fd80105d95fd8845d0e717b9590499b5756d0,2,1,0,0,0,0,0
0x3460f675d521b4c673d437e6525164e2c189dd49,2,0,0,0,0,0,0
0x34644911eeefd50877cca86562e673b94885048b,1,0,0,0,0,0,0
0x346b7ac48f05e505dd7c1c9e861577f7e793cf17,2,0,0,0,0,0,0
0x346c3be6aebebaf5cb766a75adc9827efbb7e41a,1,0,0,0,0,0,0
0x34734d66dadc3fe1c35b6555341f07e8d8524c29,3,1,0,0,0,0,0
0x34737a1ed7508ca6bda6747825c901831f3cd8c0,1,0,0,0,0,0,0
0x3474627d4f63a678266bc17171d87f8570936622,0,0,0,0,0,2,0
0x34770f06ae8a9a7b44fd8d636af6a3fec2a58b98,3,0,0,0,0,0,0
0x3478c2e4ed6f64db0be9c483b87f70ff6ab0d65a,0,0,1,0,0,0,0
0x347925b22d0217a4797f470faa2afebbdb150b7a,0,0,0,0,0,2,0
0x347d11b17022f0f636dda2492f980cc60117d3f7,3,0,0,0,0,0,0
0x3482665b52c01076ef4939a0089a9b62222fe824,1,1,0,0,0,0,0
0x34837d9dd34008c0dd8edac6a9a4dcd42fbccc3e,2,0,0,0,0,0,0
0x3485b9566097ad656c70d6ebbd1cd044e2e72d05,1,0,0,0,0,0,0
0x34887b4e8fe85b20ae9012d071412afe702c9409,0,1,0,0,0,2,0
0x34c61bf2e4e7addedf4af8d0c88e8ef3ae013320,1,1,0,0,0,0,0
0x34ddcc255d2f3f2e2d85a2a11e314670e73b24d4,1,0,0,0,0,0,0
0x35027a992a3c232dd7a350bb75004ad8567561b2,1,1,0,0,0,0,0
0x3512030695644038bf27b16516f970c3c6998ab6,1,0,0,0,0,0,0
0x3513a1e5f29af91b3acaba9ab877026402b317e6,1,1,0,0,0,0,0
0x3595279a9f0658eb2649976f155111bae1ae9de6,2,0,0,0,0,0,0
0x359a46571d4bc22a6a9310038b51e2d91163412f,0,1,1,0,0,0,0
0x35a1700ac75f6e9e096d9a5c90e3221b658096e0,0,0,1,0,0,0,0
0x35ac7dcba25ba2192c87981bfcf024208070a25f,1,1,0,0,0,0,0
0x35ae44bc4e3186ca732efa09a459cf93fa491a47,2,0,0,0,0,0,0
0x35b5abaedeed12c63e04029120fa6bb084342b4d,3,0,0,0,0,2,0
0x35b64d548e00566353d7e60370307619c7c5f408,2,0,0,0,0,0,0
0x35b6a52663a7bf34ea4e2b693da2cca2bc4f7588,1,0,0,0,0,0,0
0x35bab7165a301e99c75c3e59b48817856b4d5e5c,0,0,0,0,0,2,0
0x35bb9e364c2b2108ff05e0fc01ea420024d82ab0,4,0,0,0,0,0,0
0x35bfd2cfe27ef7af2029d584b9b6c2ca27d9b3c7,1,1,0,0,0,0,0
0x35c2307cd831741187d4ef71ce9fbe91fa822df5,0,0,1,0,0,0,0
0x35ceac3b4400765e5c2b58cbe2deca7c9ec7207d,0,1,0,0,0,0,0
0x35ced9349943292f8a3b2e0a96fec76d7877ac4e,1,1,0,0,0,0,0
0x35d28772130c325403b5ed3cc591368f3baa8250,1,0,0,0,0,0,0
0x35d672846d18e8a8ca6e036cb85828d38c9d7fa0,0,1,1,0,0,2,0
0x35d76c3db8e826907d2a977500b54b3914ecc020,0,0,0,0,0,2,0
0x35e44051799bd7cea091c4fad2cba9b37e364c5b,2,0,0,0,1,2,0
0x35ea0d750ac28030be79c07dbf88244f3ae007e7,0,0,0,0,0,2,0
0x35edb498de6827e73d00b3736019051655484655,0,1,0,0,0,0,0
0x35f26cbc9adf5a1632694a3a7d3ba3fedefc26be,3,0,0,0,0,0,0
0x35fd00d47202b1b2158dba75e7cc8f71b068c256,5,0,1,0,0,0,0
0x3606bac9d236835210beb1a332431dd9fd5484da,1,0,0,0,0,0,0
0x360abb53840302d4b4b119d2004a856f1151366b,1,0,0,0,0,2,0
0x361277bcea6be4ac639cbed1347e6e5eb37a4e07,1,0,0,0,0,2,0
0x3616f91e1de8378654f9322698414640a8339a35,1,1,0,0,0,0,0
0x3617081dd9294a785780a4fcde3dcb8f0a2c69e8,1,0,0,0,0,0,0
0x3618516f45cd3c913f81f9987af41077932bc40d,1,0,0,0,0,0,0
0x361cef27a967e3fa2d8fc117b3f2cfe2a09bbc02,4,0,0,0,0,0,0
0x361f5a02be315ed1241d8c2997d1fc35aaa27596,1,0,0,0,0,1,0
0x36232b1328e49a043434e71c02c0dc2be278e975,1,1,0,0,0,0,0
0x36234385514de7eb14b2fb5125774e874a88f9ce,2,0,0,0,0,0,0
0x362a95215564d895f27021a7d7314629db2e1649,0,1,0,0,0,0,0
0x3632c27273a5d928d0f09407380dc0d8164a8ac5,3,0,0,0,0,0,0
0x3633c61be0dd1b1fd20a97e05c5ed880a204de33,1,0,0,0,0,0,0
0x36351289a2263902189515f83138528f2382b12f,0,0,0,0,0,2,0
0x3638c9e50437f00ae53a649697f288ba68888cc1,2,1,0,0,0,0,0
0x3639d5dc956e35540fbd1de691870fb1318d6783,0,0,1,0,0,2,0
0x363d2f6a157d98ffa3e9c5c0f0dbb77e1b4867aa,2,1,0,0,0,0,0
0x364389466cf88d374333c26006d3b61774eba70d,1,0,0,0,0,0,0
0x365080610e03aa5c5693f6b2dd78ee792ee9a9cb,2,0,0,0,0,0,0
0x3659f2139005536e5edaf785e89db04ac4bf5987,1,0,0,0,0,0,0
0x365a3335866ac0b5f7002608eae1043d526f44d7,2,0,0,0,0,0,0
0x365ec7b439abcc8a3a2c4289f0868a4adcd996e9,1,0,0,0,0,1,0
0x366b2a672f3235971a9d59bd69d2f4048042907f,0,1,0,0,0,0,0
0x366efd14d20302ab592ffff7bfa4ccb244c19ad9,3,0,0,0,0,0,0
0x367125be15fc3a0d78321dafa75be6c8e0941921,2,1,0,0,0,0,0
0x3672a1d8a362c9a50db70df219e05ea3cab60df9,0,0,1,0,0,0,0
0x3686986e559f257cfaccb44f17af5b245e45814f,1,0,0,0,0,2,0
0x3688587725ed6dda84bcd25aeeb04997415da50a,1,0,0,0,0,1,0
0x3689f372eb8ae130b1767664ad1c75528c815811,1,1,0,0,0,0,0
0x3693c8bf129116bf3b3244404e9b8f0e26b40749,2,1,0,0,0,0,0
0x369760ebf89d577a734d927a9599c1921397a152,1,1,0,0,0,0,0
0x36995d4e1ab6ee76aa55f16736fc85ec6e7b6c1d,0,0,0,0,0,2,0
0x369d0db2c7d56b095d758379b75f64085953528a,2,0,0,0,0,0,0
0x36a30f9f5e89c5cd051ef6c68c051e91cf1dbb19,0,1,0,0,0,0,0
0x36b53bf543eebf9ad42c5f161efd1247f38d034d,2,0,0,0,0,0,0
0x36b730e794e62a5f68f907b547011064cee72c04,1,0,0,0,0,0,0
0x36cac7291719e907276d795c330dbc2fcf66df54,1,1,0,0,0,0,0
0x36cc5160e243f91157d8c14222f2ed5c52cf3d05,4,0,0,0,0,0,0
0x36cce24d6314445c11beb80f99f9f14b5ea9ecc2,1,0,0,0,0,2,0
0x36cddd1281258e4373ad313a995272f525cc4e63,0,0,1,0,0,0,0
0x36d10c6800d569bb8c4fe284a05ffe3b752f972c,0,1,0,0,0,0,0
0x36db70e49ec65c2b14032078fcd1687c9cd21e03,0,0,1,0,0,0,0
0x36e666eaac18ed22b8e370547c75e6782b63d5da,1,0,0,0,0,0,0
0x36eafcf412718774440ed934a81f3e6f90cdd54c,1,0,0,0,0,0,0
0x36ebdbe660c0b988b83c257a779b908697d41615,1,0,0,0,0,0,0
0x36ed5fbd27abf98f7081f1692ce48abab37db172,1,0,0,0,0,2,0
0x36efee477f68c136139abeb219be6c2254711d0a,1,0,0,0,0,0,0
0x36f0deb0af8ab453b6b4fcc8b0b7fe2f1b44e55f,1,0,0,0,0,0,0
0x36f16a0d35b866cdd0f3c3fa39e2ba8f48b099d2,1,0,0,0,0,0,0
0x36f6a1353a3e1c008782e86bfe551c6f8b8c3370,1,0,0,0,0,0,0
0x36fa639c33c42844ad5da732dbb62ce08c56103f,1,1,0,0,0,0,0
0x36fc9fff1bf5b08ed2c472d6370dc62fa3016ffa,1,0,0,0,0,2,0
0x36fef0a32d493fa86d6281205b924456597aae5d,0,0,0,0,0,1,0
0x36ff29571ed2ff029df9fa6da076ca1484ceb9dc,1,1,0,0,0,0,0
0x3700eaf34f653553b724ff9d02bb45de9e733b37,0,1,0,0,0,0,0
0x3704056ac201ad612d07b8b60e01ee34810d3bc0,1,1,0,0,0,0,0
0x370f0fe5f1c03892b2dc950a89c6eaff4980dac3,0,0,1,0,0,0,0
0x37238583c041a2f51964f23fde2710c4fbd29e9e,0,1,0,0,0,0,0
0x37304b0ab297f13f5520c523102797121182fb5b,2,0,0,0,0,1,0
0x373604ee6f3bce3b7126bb38f54ce6fd5ec59803,1,0,0,0,0,0,0
0x373bb7a0be9aefb00ec9f47513b11ad246586273,0,1,0,0,0,0,0
0x374a27ebb608a9021fb907f8f57a3ad2156190ed,2,1,0,0,0,0,0
0x375f2ee0f07eb52fe31566dcf5ae76e1c01b12cc,1,1,0,0,0,0,0
0x375fe03d186747e455e4ebbc235e9df083c7fe92,1,0,0,0,0,2,0
0x3763fc61bc1b54d97dfdbd1501a3ff476bd99c36,1,0,0,0,0,0,0
0x376cbf6b8b7583f52192009e0cee250855ca9ea5,0,0,0,0,0,2,0
0x3775b1b9781cfe7196a91c00ce44507440a51e20,1,0,0,0,0,0,0
0x377748ddc51b3075b84500a6ed95d260a102d85f,1,0,0,0,0,0,0
0x3779d960261f882750b39c622527822c88c98e13,1,0,0,0,0,0,0
0x377dfa7bab23a798ca1fa0923bcd4d4ef2184d85,1,0,1,0,0,0,0
0x37810173b70e86b8435f8c28590e8faceff59044,2,1,0,0,0,0,0
0x378356e2391cbaccb1cb11d9f7b1fe6b244819f1,0,1,0,0,0,0,0
0x3796a3e6fcf1b3a74d00b9e8fb31f07ed04a7937,1,0,0,0,0,0,0
0x3798b1c6e7bad3f0720c0e9ddcdb018857e13a4c,1,1,0,0,0,0,0
0x379c4c01484de6cdd3e685f63c702e45e3c574fd,1,1,0,0,0,0,0
0x379f2596d4c4a417ef1023b81c8b9ff5419b13d4,3,0,0,0,0,2,0
0x37a857e007ba6ae7862bc5ab1104dd4396de7950,0,0,0,0,0,2,0
0x37aa63c4cbd06a57f1ea35bceee4e46f0a7ce924,1,0,0,0,0,0,0
0x37afbfb4330d449ce7d231f2356f4f9297c32bc1,2,0,0,0,0,0,0
0x37b38b8d7b66a6e2e435847f86d9febe8142bf12,0,0,0,0,0,2,0
0x37bb1a64d81d6373a467a0683ba709c2998086cb,0,1,0,0,0,0,0
0x37cd86aeb760322a47ee3fb7e27aa6823dc5d973,1,0,0,0,0,0,0
0x37ceaf9e7748c707934edea028812c7fdaf93866,2,0,0,0,0,0,0
0x37d6e7f287200c740012747d2a79295caed2db35,0,0,1,0,0,0,0
0x37d82a4e03e93529c1a32429984e12e7875ea1d8,2,1,0,0,0,0,0
0x37d9033151eaf64cea6b7531ee0e4fd6f6f9d6d0,2,0,0,0,0,0,0
0x37e1160184f7dd29f00b78c050bf13224780b0b0,1,0,0,0,0,0,0
0x37e343f2cc245754595f1ae3656b460c35d636fb,2,0,1,0,0,0,0
0x37e3efe76ee6cec50559bc07565eaf36ddc05467,1,1,0,0,0,2,0
0x37eb3cb268a0dd1bc2c383296fe34f58c5b5db8b,1,0,0,0,0,1,0
0x37eba68380f5a549532f658244f82619ac733c03,3,0,0,0,0,0,0
0x37f0137cb24c315d4f725473697e558d6ccaffaa,1,0,0,0,0,0,0
0x37f04d2c3ae075fad5483bb918491f656b12bdb6,1,0,0,0,0,0,0
0x37f16599a7a4ba385770dbc3c143485fc2b709ce,1,0,0,0,0,0,0
0x38129dd6765f54bb7aedf2dbed133f86429e45b2,2,0,0,0,0,0,0
0x383bf1fd04d0901bbd674a580e0a621fcbb4799b,2,0,0,0,0,2,0
0x383ece94bfdbdefe651aa2cba51e7fca2773b788,0,0,1,0,1,1,0
0x38897c62a4ddcd66a77bfc94e0f93fd4525b7d84,1,0,0,0,0,0,0
0x3893b9422cd5d70a81edeffe3d5a1c6a978310bb,0,1,0,0,0,0,0
0x389f1b35efdb8b8d660972ae4575e6b10d0131c1,1,0,0,0,0,0,0
0x38c83b225eb17d44f33f8bb3bdc23d86733838db,3,0,0,0,0,2,0
0x38ceafcff00dc2f88656a4ff3235e2124819eef6,1,0,0,0,0,0,0
0x38d14eb90d0be64f9bd3b34a199b0d961599340e,0,1,0,0,0,0,0
0x38e308c4ac50fd6c31c5f53d7b25f25116d80a3a,3,0,0,0,0,2,0
0x38f22479795a1a51ccd1e5a41f09c7525fb27318,2,0,0,0,0,0,0
0x38f374dd8705d75cc8b7ebbacbe25ad57d22986b,1,0,0,0,0,0,0
0x39127b81f7c63dcc2477079bd17f08256584f623,3,0,0,0,0,0,0
0x3967f481031f78a3fcbfe5c6a1079ec9f8426432,1,0,0,0,0,0,0
0x39b948d3f844bb9e0e3b375901bb43d4866ef4bb,1,0,0,0,0,0,0
0x39cfd754c85023648bf003bea2dd498c5612abfa,1,1,0,0,0,0,1
0x39de38ba63d172b962db2fc2ee5e4376287c50bf,0,0,2,0,1,2,0
0x39e505e1518813ab3834d57d06c22b2e5a7fb9f2,1,0,0,0,0,0,0
0x39e568276531f17da3c76d54400cfd8300201652,5,0,0,0,1,2,0
0x39e5bd6ae0f2aa9240d2ae7fbf49e36f05dd339f,1,0,0,0,0,0,0
0x39e6af40357dd640f16088662a5fe3d321162ed6,0,1,0,0,0,0,0
0x39e743fee400a5d9b36f1167b70c10e8f06440e5,4,0,0,0,0,0,0
0x39e8082b00c9f19ebf553e40feb7cf8459acc693,0,0,4,0,0,0,0
0x39f0fdac8a1373f1c8d0be34a294add1eef69b9f,0,1,0,0,0,0,0
0x39f42750d387645ae0455d2a899b946780e0074c,1,0,0,0,0,0,0
0x39f55974b40179ba7e14bf5d11975c185876c1fa,1,1,0,0,0,0,0
0x39f73ec09e135bbf5c7f38875db6093115866c96,0,0,0,0,0,1,0
0x39f89421c5bf8bb0d855c0216b00b45e3733b515,0,0,1,0,0,2,0
0x39f968b4b8b367ce20f5aefc852591f7eada4b3e,2,1,0,0,0,0,0
0x39f996a2cafca0e593d0c46b8365d3936b6cc1cf,0,0,1,0,0,0,0
0x39f9d4f50f1eb55948ba1e4a9a8432b1a371caf3,0,0,0,0,0,3,0
0x39fad5cdc35e46bb64598519e00c9419ce121c9d,2,0,0,0,0,0,0
0x39ffccecc551f35f8dfcb52c8c01060919aed1ea,0,0,1,0,0,0,0
0x3a03afa73623b99eedaa6180a869dd5bde17a601,2,0,0,0,0,0,0
0x3a042fb0439da1c7ca28e352fb48cdb2d8d90cff,3,0,0,0,0,0,0
0x3a04336c56f510f60bda4a927b0dbf8d7a1b658c,2,0,0,0,0,0,0
0x3a09769f27a6e4b01bc58b1273bcaa8159033ec5,2,0,0,0,0,0,0
0x3a0e9acd953ffc0dd18d63603488846a6b8b2b01,1,1,0,0,0,0,1
0x3a0f3f68fd677ce085b0b0a6782314494856f695,1,0,0,0,0,0,0
0x3a1237d38d0fb94513f85d61679cad7f38507242,2,0,0,0,0,0,0
0x3a133b45931c2a954af8a2fe7d0d2d5c75b00be5,1,0,0,0,0,0,0
0x3a2110ed7284a97d70ea05b78cf4cddef6ff2ceb,2,1,0,0,0,0,0
0x3a2169778d20368dfbf9470c841e5ba8a4a4eccd,3,0,0,0,0,0,0
0x3a266f97425cd281c1770b71662fcf4415c29190,0,1,5,0,0,0,0
0x3a28cec5eaa309e267da40c2ff8dff676eabac80,1,0,0,0,0,0,0
0x3a2fd07ec2ad6f355f93af695a7cf858f5967b78,0,1,2,0,0,0,0
0x3a3629390cef79b01fc4090abb26818d1759aefc,1,0,0,0,0,0,0
0x3a36330a78fe54e512557d9ef9c7b5f6f30c9e36,1,0,0,0,0,0,0
0x3a37dcda0503f92626c082540dfbc9d95104ab96,1,1,3,0,0,1,0
0x3a49bf3a4e4b8eb1231327839ba504b94e3e4cef,2,0,0,0,0,0,0
0x3a4b1eca26955fba4b99f78ee36153eacdceae85,0,0,0,0,0,2,0
0x3a57137eb81e70fe3975f8121a913d5d033f81b3,2,0,0,0,0,0,0
0x3a580a0d295d3f5a8137a91448b03f2bdc22aa2c,1,0,0,0,0,0,0
0x3a5f32732d6be576d5dec48354b2377e14675eca,1,0,0,0,0,0,0
0x3a630495c7611b4da41bf133554374caa3963b75,0,0,1,0,0,2,0
0x3a64d149607d7362c4aa49c2c9c5c81f173089e6,1,0,0,0,0,0,0
0x3a6984181f49c9ef64ada32373e736db0c9f1078,2,0,0,0,0,2,0
0x3a6ad3b097a5623fcea2eb490c921654ee9630ac,0,0,0,0,0,2,0
0x3a6b73f29c9ee8c80efd29a99b6035bcb03774ce,0,1,0,0,0,0,0
0x3a6e5f1c1b0de5d2b46babd21c7844c96f5180aa,1,0,0,0,0,0,0
0x3a715f7ee68d8d7b105f9cabd972f76cb8ea0710,0,0,2,0,0,0,0
0x3a741c9eb3f506f203ebb7d422fd011a5c4fa6fa,1,0,0,0,0,0,0
0x3a773baa30d09f04da0bd869b142ea5503a31022,1,0,1,0,0,0,0
0x3a783e99e5a5618b8149e3380d14328139d97e31,2,0,0,0,0,0,0
0x3a78b1e1fc38e61ed38f0e0e8d417cdf09f52016,2,1,0,0,0,0,0
0x3a7a5ba347928dfc8a748b5e55558d5fee84a2a9,2,0,0,0,0,0,0
0x3a7ebc138fd59ccce16b7968199c2ac7b013bbc0,1,0,0,0,0,0,0
0x3a858b6aa825c23621e339677a5016cfc4ff8b12,1,0,0,0,0,2,0
0x3a86435776de97b5a481c395159c3b31cec966f6,3,0,0,0,0,0,0
0x3a8a6d2bc23fb68a245250ad34019a65cf057418,2,0,0,0,0,0,0
0x3a931cabde9d3deeb9cfe50d8afb0b7be357cb16,3,0,0,0,0,0,0
0x3a966ffa8451cbf3769b7d1f94d5b47da254edb0,0,0,4,0,0,2,0
0x3a9c0090e0d8d26f5eb83cacbc6361c2d305a500,0,0,1,0,2,2,0
0x3aa1465c6649d8c09c380158007410da02ecad3d,1,0,0,0,0,0,0
0x3aa343d578050e333676b560f6465fa181c02edf,1,0,0,0,0,0,0
0x3aa6c3f86d945085c9ff4581f3963f4f0404a416,1,1,0,0,0,0,0
0x3aa927a97594c3ab7d7bf0d47c71c3877d1de4a1,0,0,3,0,0,0,0
0x3ab1d534bb477f516817efaaf0b569f419b8e292,1,0,0,0,0,2,0
0x3ab4a46beae2a0b025eeed54db05819814ff287a,0,0,0,0,1,0,0
0x3ac0d29eaf16eb423e07387274a05a1e16a8472b,0,0,0,0,0,2,0
0x3ac86159fad58c90aaea1c61974d69d4f8ce8e77,0,1,3,0,0,2,0
0x3ac96bbe8b60d715fd818b3fe242edf9def20571,3,0,0,0,0,0,0
0x3ad158c1d0ba24eb86e4bc49a7944f08941ca7bc,1,0,0,0,0,0,0
0x3ad4fad3ce0509475e5b4f597c53cba38873cc46,1,0,1,0,0,2,0
0x3ada1b57182cab7791adae804a13f9d3dce88652,1,1,0,0,0,3,0
0x3aebb174ee393916715bd7999261c3ed32f22d82,1,1,0,0,0,0,0
0x3af70f8772fadd33b18eb1bdf9475ea727817391,1,0,0,0,0,0,0
0x3f8fd16e55cfee539b81cc47bb9682090988ebd4,2,1,0,0,0,0,0
0x3f90421fd22b7e3251c8600430acc82922d2a434,2,1,0,0,0,0,0
0x3f9093d041e8c9e4ea58e4379a9220b10329dddf,1,0,0,0,0,0,0
0x3f922acba2ee567a93933fa4392c2690e4706d42,3,0,0,0,0,0,0
0x3f96c0e80b82458c1a96a3b7d7d2297f55df4965,2,1,0,0,1,2,0
0x3f9705be93b5cd5e7ba81764bb45effb61b3b7f9,1,0,0,0,0,0,0
0x3f9ad22a9c2a52bda2a0811d1080fc9cd23c6c46,1,0,0,0,0,0,0
0x3f9b89dc8190f8fac46def0bdd5eacf826c50408,1,0,0,0,0,0,0
0x3f9b90c3a6ed299488293abe9dadbf18508f18a3,1,0,0,0,0,0,0
0x3f9e8af3ab96c7560c1404ed2d6794ead7ce846a,2,0,0,0,0,0,0
0x3f9ef884433bdcbe10e6477e58be727bc4e6731a,0,0,0,0,1,0,0
0x3fa3ebe614460a56ae2edbd21d27c8078b746358,1,0,0,0,0,0,0
0x3fa9bdcbd17bd75d1dec10d52c65f41503e344f2,0,1,0,0,0,0,0
0x3fab284a3cd0a6d88d18d0fda4bc1a76cdacd68a,3,0,0,0,0,2,0
0x3fbe0c07b2e5edc9aaa88017c924d1aeff6a719b,0,0,1,0,0,0,0
0x3fc191537bdf7b87f5210220a878dd751444bccf,2,0,0,0,0,0,0
0x3fcf5261c035c26fd2644955968bc940f1b1dc78,4,0,0,0,0,0,0
0x3fcf78f7646f85ceb9344c5ba5a05a0e31a462af,2,0,0,0,0,0,0
0x3fd2371b53f2db38765220c90f2ffd4ddbe8afd1,3,0,1,0,0,0,0
0x3fd30f3e1fbf4f3ea6bdf3e3bb11826266708869,0,0,1,0,0,2,0
0x3fd50278a2257623cf718d4f2997921a5d34c81e,0,1,0,0,0,0,0
0x3fd7332ea471e876327926b30bd945773c706133,0,0,1,0,0,0,0
0x3fd8d623695b3adedc1fa57a84f93fd78326ba27,1,0,0,0,0,0,0
0x3fd8f39a962efda04956981c31ab89fab5fb8bc8,1,0,0,0,0,0,0
0x3fd9aba22521d9ee3202a43bb132816a17973d43,1,0,0,0,0,2,0
0x3fdd90ccdb7a430dac92580170a47f278322a9a0,2,1,0,0,0,0,0
0x3fde21c4118a7ac77e113920f76f68edd4fc144d,1,0,1,0,0,0,0
0x3fe1bd3f808682e10cc16ccfc0e9476555ed93a7,1,0,1,0,0,0,0
0x3fe2ef1dfb1595195768627d16751d552586dce8,2,0,0,0,0,0,0
0x3fe53debe8720a61a3e40f85da8611e810fe1fa0,1,0,0,0,0,0,0
0x3fe56eb2f567c45536c65c40491731cdc04bb369,1,0,0,0,0,0,0
0x3ff162ed76deb40e4b139ef25a7c3ab7716c0287,1,0,0,0,0,0,0
0x3ff283f4b333f0c046dea47938a413a2bae56bf5,2,1,0,0,0,0,0
0x3ff6acf819fb93bf101a035602c2f131d6a20b75,0,0,0,0,0,1,0
0x3ff9ba3001e61d5833208bef78ea5c268d418398,1,0,0,0,0,0,0
0x3ffc7b7fa29462677d8bada5af4eb94cf76dd88a,0,1,0,0,0,0,0
0x400038f498e601f623f364129ca76cf23fdd1891,0,1,0,0,0,0,0
0x400784d4d1fe603b2e7a96416fa9a1afadf47009,0,1,1,0,0,0,0
0x400c73395bbc01d9e757f02f267925e1de0779f8,1,0,0,0,0,0,0
0x400d188e1c21d592820df1f2f8cf33b3a13a377e,0,1,0,0,0,0,0
0x400e115f1be2b646139c298272a43b2cff2b127e,1,0,1,0,2,0,0
0x40117c4f66e9a7e3058558e6ffe4232e1a896c6a,2,1,0,0,0,0,0
0x402156bc926df74b7dc06f815e43be488f32a435,1,0,0,0,0,0,0
0x402288b27f39223d8a8131b53b35b9976d2c46d7,4,0,0,0,0,0,0
0x4026f73f99427c6b70c9b101321895cee6b72659,0,0,1,0,0,0,0
0x4027c7262554ba72ccc3e346c6b71794299d3b99,4,0,0,0,0,0,0
0x402cd1fa4ba4296f5503d1e86214b77ec7cfe840,0,0,0,0,0,2,0
0x402fa04ccd2c2568e1a53dbecec1bd572303663a,0,0,2,0,3,2,0
0x4032a725b81cfd0cdb519933cc6084d9b22175c0,1,0,0,0,0,0,0
0x40360631db85eddab268dd1b6ffea4377733e125,3,1,0,0,0,1,0
0x403860568bcd726ec403f8a1ca67f374e842f16c,0,1,1,0,0,2,0
0x40395044ac3c0c57051906da938b54bd6557f212,1,0,0,0,0,0,0
0x403f614ea176bdd865ab0377831f487987179cea,3,0,0,0,1,0,0
0x4040dfed08346b98336be48072d071f0805c3ae0,2,0,0,0,0,0,0
0x4042ff0b0ff691a1549d67ede0479a1f0d12f6ba,1,0,0,0,0,0,0
0x40489719e489782959486a04b765e1e93e5b221a,1,0,0,0,0,0,0
0x405003a880bffd30d2df5ce590f94517578dbfc3,1,0,0,0,0,0,0
0x4051334adc52057aca763453820cb0e045076ef3,0,0,0,0,0,0,1
0x4055bd5a000d97bfca86d71386dc85001eb738f6,0,0,0,0,0,2,0
0x405ac113b52260f6e704ba991b22fa0d16e75a15,3,0,0,0,0,0,0
0x405b15a78a968607529aaa1f482e642883809496,1,0,0,0,0,0,0
0x405b17cc0f4e6e30648637a8e052d9a8c35def89,1,0,0,0,0,1,0
0x405d44c9ed3d2d80e375b2360ed0713b71c6b811,1,0,0,0,0,0,0
0x40658db197bddea6a51cb576fe975ca488ab3693,0,1,0,0,0,0,0
0x40685e86d1f5923352cb4d22ebe80294673044ce,2,0,1,0,0,2,0
0x406d7401f451ee9d3a04652102aaf923c59f64e9,1,0,0,0,0,0,0
0x4078c1beb595ffb9b13c307755594d60c87de3eb,2,0,0,0,0,0,0
0x407b419144822e236d960e87e3c58c64feb715b8,0,0,1,0,0,0,0
0x40818f0d14325a9eba6b2a7d60bd61cb9e27ef0c,0,0,1,0,0,0,0
0x4083c75ab1f20ac0a1787a591c98bacd43ae777a,3,0,0,0,0,0,0
0x408b8fbc19bb5ffff7d5e5c430f765524fae77c5,0,0,0,0,0,0,1
0x409694d12ab1ee7cf7f45245aec9197644660683,2,0,0,0,0,0,0
0x409a40058e7f70592d627fcc4a03a65b8423964e,1,0,0,0,0,0,0
0x409de70d8ad0135e6fd91f343899b93d903c998b,1,0,0,0,0,0,0
0x409e1820aba80fd6bc0f7573528f56cd3ccbfafb,1,0,0,0,0,0,0
0x40a835f8573c4b75e962e435591ea2200b74a714,1,0,0,0,0,0,0
0x40adfc7c23c22cc06f94f199a4750d7196f46fbe,1,0,0,0,0,0,0
0x40ae4acd08e65714b093bf2495fd7941aedfa231,1,0,0,0,0,0,0
0x40b10014a17e997e8e55594cbfb4f085c5ec815b,0,0,0,0,0,1,0
0x40b5ccf92f9c980fbc6f2f0c0af7a4afff0f7c48,3,0,0,0,0,0,0
0x40b85cffab146eefcceee004392168d6b4d5a24c,0,1,0,0,0,0,0
0x40b8ed2dac90d0e35c9f5995d7d46b4e07c1c474,1,1,0,0,0,0,0
0x40c37192f32be790e1ce15c219fe150c0bb6455f,2,1,0,0,0,0,0
0x40cc0f3f66ef3ebf8b747059454a15faf9c08c15,0,0,0,0,0,2,0
0x40d612fe5ebef1a539e5b4a6bfcab8d09aee223f,1,0,0,0,0,0,0
0x40d6ab35c171cddc7fc81187e8a20d6711717ef0,1,0,0,0,0,0,0
0x40d7af41485e2f0e64e5240b35f58631583c8284,1,0,0,0,0,0,0
0x40da24a66f729d0bd0453681c5a6506bdc2a7a6a,1,0,1,0,0,2,0
0x40dd310797fd55e7ca93b974fba140779f30d645,1,0,0,0,0,0,0
0x40df4eae496fe2ca6aa5dbf02cb5be3050fbf275,1,0,0,0,0,0,0
0x40e230d349daf337d01b765765c3fa0cd0cb930a,0,1,0,0,0,0,0
0x40e36b09ff3eba462be5c86289b16840edde9773,1,0,0,0,0,0,0
0x40e690e430710cfca6583b24d8c187b85b7fc1a7,0,1,0,0,0,0,0
0x40e7f7d55939332c60074529ed2a0da77278083c,1,1,0,0,0,0,0
0x40eac8f2702758275abbbda2881708f82c417a7f,0,0,0,0,0,0,1
0x40eb7549cb14d3ed0b165ade56dcfdb6352b4fdd,1,0,0,0,0,0,0
0x40ee5d41b599c1ab34f92c546c68851dca237cb4,1,0,0,0,0,0,0
0x40ef62929748b3e045fd2036322880ef486e4454,3,0,0,0,0,2,0
0x40f44443858b1f0896b18c602fd233459e6a5393,0,1,0,0,0,0,0
0x40f4991411ac5377675c421e87378e10470134a3,2,1,0,0,0,0,0
0x40f5d52331674b60bc532f553c97feac5d60ab34,2,0,0,0,0,0,0
0x40fc744c0186c59da111ebf7438ead3c176eba54,1,0,0,0,0,0,0
0x4103fd474fc5b0784f847efe7d219c7cc6dd2b4e,1,0,0,0,0,0,0
0x410526cd583af0be0530166d53efcd7da969f7b7,0,0,0,0,0,1,0
0x410804f20daf6498ec564a20132985b8da401c2e,2,0,0,0,0,0,0
0x410af23334e26aa13c1f3e630bae006bdd313264,0,0,0,0,0,2,0
0x410cc76477d26b1582be9e8e829f25738b19fb62,0,1,0,0,0,0,0
0x41104edb2cefbb66cc28b17d507f0b4ba559f455,0,0,0,0,0,1,0
0x411079f1b50ac2583a458a7cce1d1afdf4f8842e,2,1,0,0,0,0,0
0x411139af515804562ddca220220728c9791cc714,0,1,0,0,0,0,0
0x4115fc15a0eb32638612ec54546e3711cfc95b7f,1,1,0,0,0,0,0
0x411be588940376ae23e58274ad4fe175f85e5ca1,2,1,0,0,0,0,0
0x411c6ed835962df75e3b09d644d9982ed4e6f458,1,0,0,0,0,0,0
0x411f62eb0f063ca5c063154e98e6dd5c451dbd23,2,0,0,0,0,0,0
0x4122bc6e97f92acf56421e6365f9c03b692c988e,2,0,0,0,0,0,0
0x4129c45b929cdb787deaae3d0e27ba5b5cd3e3ca,1,0,0,0,0,0,0
0x412c003380e08921be3ee7ee5830d3a00dd7e589,1,0,0,0,0,0,0
0x412d9b16117acc557d6a51a93d907bd33526cd77,0,0,0,0,0,2,0
0x413bdaae8e7218aea3a7ca544762d4f9f128a562,1,0,0,0,0,0,0
0x413e0794e1d2e7e26a9536a79a07b2ceb13fb994,1,0,0,0,0,0,0
0x4140db3be03f151a5a80c70fdbf10a090945af84,0,1,0,0,0,0,0
0x414310e2d38306d9b861f1646356f70c74ada812,1,0,0,0,0,0,0
0x41451e8e7fd5b9a4f8176ccf1a0db2b68abc77fb,2,0,0,0,0,0,0
0x4145492ad5039b802bd7e58098c8d71706a2cd14,0,0,1,0,0,2,0
0x414b23b9deb0da531384c5db2ac5a99ee2e07a57,1,0,0,0,0,0,0
0x414b242d19fe41098f4b1e076d5e0a1d5d0002f3,1,1,0,0,0,0,0
0x414e58fbd9264565d611c5eb2a392a70529dad41,3,0,0,0,0,0,0
0x4151e53533a464fc29e1d556aa0ddf5627cde2aa,1,1,0,0,0,0,0
0x4156d3342d5c385a87d264f90653733592000581,1,0,0,0,0,0,0
0x4159e265fdfa4e581e9b0b2988346ee7db4f0b7e,1,0,0,0,0,0,0
0x415f07c7c57b1a213767ed8e3eb4b321fa04bb7c,2,0,0,0,0,0,0
0x415f306a0628d35183f42d0607cd03fcb71d1e1f,0,0,0,0,0,2,0
0x4160836bd96bf4f2ed931bfefb3e00b3e68ad8f6,0,0,1,0,0,0,0
0x41643089590c305b56521b06563954447019f5e6,2,0,0,0,0,0,0
0x416e18790790edb098cb17a7d490caa1262f5772,0,0,3,0,0,0,0
0x4176f0f2b7c95486a5ae06e3d1b29201a42e7630,1,0,4,0,0,2,0
0x417866263b96ea8fb86e1f332018dda49820c85a,2,1,0,0,0,0,0
0x417a5f48f508ec5ca2795e531a03157408303364,3,0,0,0,0,0,0
0x417d6feeae8b2fcb73d14d64be7f192e49431978,0,1,1,0,0,0,0
0x417ecbab65f29e462a58b6f0516c8e8d5254016b,1,0,0,0,0,0,0
0x418b47c62af92e2ab2c105279c50d4e93b77c725,2,0,0,0,0,0,0
0x418ce003a8ad9925239bd20ea52abc1d950aeea1,1,0,0,0,0,0,0
0x418d25d31c0a3c5559d8aa0c1c17d9cb3af9f59e,0,1,1,0,0,0,0
0x418e831d865dcb26af9721b277d2dce58526c6b9,0,1,0,0,0,0,0
0x4198958c0324d322c0d7118495a5327304fa624b,2,1,0,0,0,0,0
0x419b8ed155180a8c9c64145e76dad49c0a4efb97,1,0,2,0,0,0,0
0x41a2b73088bc4c9ce758a3fe039b13cb37aa774e,2,0,0,0,0,0,0
0x41a322b28d0ff354040e2cbc676f0320d8c8850d,0,0,0,0,0,2,0
0x41aef9b47f6e37de66e34ce073023b36f1823b2a,1,0,0,0,0,0,0
0x41b54744d077a60104a9f3dfdd681ad2694eb5e4,0,1,0,0,0,0,0
0x41b8578b7fe2bdcc4cb5c8e6ab18b11880072208,1,0,1,0,0,0,0
0x41b8d6336bdab8991ad1c48e3579d0693db17e79,0,0,0,0,0,2,0
0x41b909cd4cda90f04d0aaf4097727544fd8ae47a,0,0,0,0,0,1,0
0x41bbcf4f8f0e8a0a3cce4287d1c0c3d27c65ba0d,0,1,0,0,0,0,0
0x41c0542f41251d6d81526ed2dbc8f0008b13fe48,1,0,0,0,0,0,0
0x41c0d6a6e1b7932db04adc900bed73b4ce59f231,1,1,0,0,0,0,0
0x41c1bc7738ef9c259f100a5fd655185496fb5a47,2,0,0,0,0,0,0
0x41c1d0f310ddbe9131c2e945afc3b698930c1c77,0,1,0,0,0,0,0
0x41c23bf53117806ce77ca65003d435c4d944f519,2,1,0,0,0,0,0
0x41c4413c7a2dcaa95b5e3441d8401f13e24d337c,0,0,1,0,0,2,0
0x41c6145c8d51c5fe2b043b61cd84324998a8d42e,0,1,0,0,0,0,0
0x41cc97369883a8f58a3e47ec67965d69b302c3a4,0,1,0,0,0,0,0
0x41d0496b954c975c8513f72fce6f92536bec60a9,0,1,0,0,0,0,0
0x41d6d16524b0fa908324230946bdf44dd68a61ed,0,0,1,0,0,0,0
0x41d9384dc97470bd2afa06db0c1be4f872519eec,1,0,0,0,0,0,0
0x41dab199a4aa0e14434473f689aecfcb1c8e520c,0,0,0,0,0,1,0
0x41dc0d29ea75f603ad725b6b26fba39a477ac796,1,0,0,0,0,0,0
0x41dcc20e5fc42e21087afb0864683101be5a95ff,1,0,0,0,0,0,0
0x41de5b7cf63c8d028daa2626d9aeaf02cad8c6c3,1,0,0,0,0,0,0
0x41e50bb0dfd21cd201b16a3d2f945920675a4408,3,0,0,0,0,0,0
0x41ebb67c868f5f28bcd823ddbf39c0f32b191256,1,0,0,0,0,0,0
0x41f28833be34e6ede3c58d1f597bef429861c4e2,0,0,0,0,0,2,0
0x41f2efdcd15eadf974d8f9bea14c2936823d095f,2,0,0,0,0,2,0
0x41f723448433367be140d528d35efecd3e023db6,1,1,0,0,0,0,0
0x41f7b9c04fe4e19cdddad5d4f76cbc2c8f4e44cf,1,1,0,0,0,0,0
0x41f85218009067b4edbb1d36ef95569e86c8495e,1,0,0,0,0,0,0
0x41f8d4d01ba8505111794e3fa3deb3ed8cbaa8ee,2,0,0,0,0,0,0
0x41f9a3392cc695b8a12c6b5ede0e04a1bef12d05,1,0,0,0,0,0,0
0x41ff17293fe3d87d4b6c9dc050ce17694145e1bc,1,0,0,0,0,0,0
0x4200942093f5c8c2ce865e17b3fdec9148de8c49,2,0,0,0,0,0,0
0x42095468d0af5976caa589ad6db91a1b8913be4e,2,0,0,0,0,2,0
0x4209f9bbb4e4dd48dbd84701fcaaab1d492b5a05,0,0,0,0,0,2,0
0x420c42ce1370c0ec3ca87d9be64a7002e78e6709,1,0,0,0,0,0,0
0x420fe2e5f5e308abf9c0b51a37c7b30984b177ae,2,1,0,0,0,0,0
0x4212fea9fec90236ecc51e41e2096b16ceb84555,3,0,0,0,0,0,0
0x421a0ee46dbfee7f65076c7e0c32fa86918bf62d,1,0,0,0,0,0,0
0x4221eb87b28de194e916f2b09274471fb0b01b1c,1,0,0,0,0,0,0
0x422401a78d6fb4727f96cc435884ecf5ce16f527,0,0,0,0,0,2,0
0x422431dd7926165b83fbe433669c408843df23ee,0,0,1,0,1,0,0
0x42fbfb1d1994a99de3bc52c2172d8370cd3d6671,0,0,0,0,0,3,0
0x430e87a95a421437ccaa0af644ac57e22914b07a,0,0,1,0,0,0,0
0x431304e66123115711de25149b77c67ee493e65b,1,1,0,0,0,0,0
0x4390a19282c661c9eb8ffb47faca7ad4b47d21fc,0,1,0,0,0,0,0
0x43e3436c9caa19d11324254287525aafedbb140d,0,0,0,0,1,0,0
0x446f174bc64cbca8b9fe81087798a156cfb863b7,3,0,0,0,0,0,0
0x447b4ccab1b370afbe5ae2e68c0b700be913a585,1,0,2,0,0,1,0
0x44882c718e9f95645de1de06c08e02a65e89c91d,1,1,0,0,0,0,0
0x4488ed050cd13ccfe0b0fcf3d168216830142775,1,0,0,0,0,0,0
0x44977767dfe24dc8a95ff0affb48a3871312bccf,1,0,0,0,0,0,0
0x4498f897505d0e6991edeab24bc7b5727d72de28,0,0,1,0,0,0,0
0x449c640b6c7fce4f8ad2e3dcd900d13be40174af,0,0,1,0,0,0,0
0x449f3ba40eaecbe1dad6a1cd6bdbb9ca572ef068,1,0,0,0,0,0,0
0x449f5c827cf7726cc5f181090aa147ca5fb88a40,1,0,1,0,0,0,0
0x44a1b86ffa821bcadb636a4493aa50d5ab0ddf4a,2,0,0,0,0,0,0
0x44a6bae1dba4d2b91ff7b0b54506fd0e1f9c44de,1,0,0,0,0,0,0
0x44ad6729188261006a27b8b937e9f15b2b814f32,1,0,0,0,0,0,0
0x44b1cdc06c3afa610e125a3cbcc9b8cce7c366dc,3,0,0,0,0,0,0
0x44b7e4fdd6a36d9c6574808c6b31ae50db9df12d,0,0,0,0,1,0,0
0x44c7f06153bd9bf06ea498bddf4ccf04c249a851,2,0,0,0,0,0,0
0x44c82d8d516a4e500e7dba17df1368e2ec5e4212,1,0,0,0,0,1,0
0x44cf74e16bd4dfcf38cec1236f5cb7e92a4f9edf,1,0,0,0,0,2,0
0x44d8289f8f0070f9c6b1c0dd849110f204c4bdf7,0,0,0,0,0,2,0
0x44df18f1936ea129d1f87e240f099b8bcc52b602,1,0,0,0,0,0,0
0x44e7786a9dd083ad147cec72cb3a5ef6b7b3f91f,1,0,0,0,0,2,0
0x44eaa3f429a0ed46b6bc8d0dd6cbbe758ad41d8c,1,0,0,0,0,0,0
0x44f12955189e3f01be5daf1dd9002ee4d774f42b,0,0,0,0,0,2,0
0x44f958d420f0543353a5e4f14e827d73f01b4261,0,0,1,0,0,0,0
0x451a4bf6b23294636e0162557d7ccea4a5fc9489,0,0,0,0,0,2,0
0x451baba8b7b98f1fba705ef75320ecb20f52cbf8,0,1,0,0,0,0,0
0x4523f19c7618cdbfc564f445ec92f8b8d1723c62,2,0,0,0,0,0,0
0x452fc93fd3639b7f5a3e731022fd429f03c73dd6,1,1,0,0,0,0,0
0x45497e14b401a943fdd840e7fb7d5fdcb8ef777e,0,1,0,0,0,0,0
0x454a5244556e044ad6ecfcf3f59290fae47484e8,4,1,0,0,0,0,0
0x4556a66dcb18a31256450d11cd0baf7051441656,1,0,0,0,0,0,0
0x456c4350eefd17315713b265d8be8b6063a5fab8,1,0,2,0,0,1,0
0x4570a3a0c7b99f7ffbc522bfa4f792140c2c8c9c,2,0,0,0,0,0,0
0x458c1987ba7cb7cd101cea17c4dfc0244ed7bd37,2,0,0,0,0,0,0
0x4590877022b2ff1f19953710d8a1e387e5da6315,3,1,0,0,0,0,0
0x45a353132143f475b355620ad9d7413d0222ea04,2,0,0,0,0,0,0
0x45a61bd2e494f78aa73bd7c1bf8eff470799d14c,0,1,0,0,0,0,0
0x45afe0ff6a92bc9f346fc440a9d2a881d42094ff,0,0,1,0,0,2,0
0x45ba41dcfa69ea1cc9b7c01ddc16f21e31036e79,0,0,2,0,0,0,0
0x45ca8d5458d7f3f7d2f47daae253924cafc2f331,3,0,0,0,0,0,0
0x45d147c800d401350b24fc1cd5fbc98040b177c8,1,0,2,0,0,0,0
0x45d257558598076de596d49f10ba7326acd89212,0,1,0,0,0,0,0
0x45e42d659d9f9466cd5df622506033145a9b89bc,2,0,1,0,0,0,0
0x45e4390e6387b896268661ed4e2066df40a95a29,3,0,0,0,0,0,0
0x45f047e524c83339a5701984fd79e9d98375a5c6,0,0,0,0,1,0,0
0x461d558429cb87a5faf967a4333d671b7a97c04f,1,1,0,0,0,0,0
0x46248a82ee39795c239049ed8eed78d305d4205c,1,0,0,0,0,0,0
0x462adf63904054f21e2b9f217d639446536b5743,3,1,0,0,0,0,0
0x4631d9e5a29350ced6a70f53ac3a23e5e0f41c1f,0,1,0,0,0,0,0
0x4632d1c31c5d9e28e84eae0173b3afc9aca81ac8,0,1,0,0,0,0,0
0x46570e37d496855b391573fd567599e567a73cb4,3,0,0,0,0,0,0
0x46580533db92c418a79f91b46df70283daef7f99,0,1,0,0,0,3,0
0x466c44812835f57b736ef9f63582b8a6693a14d0,3,0,0,0,0,0,0
0x4676120277ea7acf53aae66601052b88baf384cc,1,0,0,0,0,0,0
0x4681216cbf7727b2c6974d6fd7ec7289d5113566,1,0,0,0,0,0,0
0x46822ac3bc32db7ebd9845da3fe0886f824e9edf,0,0,1,0,0,2,0
0x46832b86c47d8a931569a990d9562ab7e5a7bf5c,0,1,0,0,0,0,0
0x468b9ec0747e3da866a06a10cff67d4f49ad9765,0,0,0,0,0,2,0
0x46940639ff7122539b71e836eccb08e53b08045d,1,0,0,0,0,0,0
0x46a0fb6c0f540e825889f4b82005afef43d2cd71,2,0,0,0,0,0,0
0x46b9ad944d1059450da1163511069c718f699d31,3,1,0,0,0,0,0
0x46bbc22c8e796d788a1907d61228447d148f8d43,1,0,0,0,0,0,0
0x46c7627713ad4f4f5fdc00d39411531515c1ef2f,0,1,0,0,0,0,0
0x46c9f93c3249c430c6ca19f02240ef9e038ba9d1,0,1,1,0,0,2,0
0x46cefba4dd7512b2449e1ac4b730bfb7f77d1407,1,0,2,0,0,2,0
0x46d1ebf7bb93044e078e0496e4661ec772607d9d,0,0,1,0,0,2,0
0x46d7f2fc523728670e1eb7184a7c8a4a0f0a4cfa,1,0,0,0,0,0,0
0x46e3bdbcb5bbb85826cf11682eb848a90c7f3129,0,1,0,0,0,0,0
0x470142a1834438515b757118f322703aba6e1e05,2,0,6,0,0,0,0
0x4702d2c2a715e1c3a738b923236d12fe834b61d1,1,0,0,0,0,0,0
0x47078e95d238108b5ee30d4806025b5aab6dac83,2,0,0,0,0,0,0
0x471407f224b99bb3347de2609bc117dad367f889,3,0,0,0,0,0,0
0x47145e4aaa53cbfabacecbd1364372c916416853,1,0,0,0,0,0,0
0x4720f2468eeb7a795945c5ffbc3b0178e32250e0,0,1,1,0,0,0,0
0x472eb1a4c31e4c6557feb00e90987e564ca412af,3,0,0,0,0,0,0
0x47423b0fdb181ecab813c908307e9795c0272db7,0,0,0,0,0,1,0
0x474b4642fa37528652e907a2a3ef7ded8fec8cc8,2,0,0,0,0,0,0
0x475a8101fdde7f7246e31be77dd7dcb80f25d735,0,0,1,0,0,0,0
0x47709f4c5de9005cc46bf094989a67739a28ff7e,1,0,0,0,0,0,0
0x47789aafa0045a316c9af4260ad4ab813fcc2f47,2,1,0,0,0,0,0
0x478931066157328d1216c17fcbdf85c27b694cee,1,1,0,0,0,0,0
0x4798480a81fe05d4194b1922dd4e20fe1742f51b,1,0,0,0,0,0,0
0x479cbe1f6a7fa4d7e304ae983803c46e85ced870,3,0,1,0,0,2,0
0x47b56408263cf1f9bdb93b930bf01c6c5935ebb4,3,0,0,0,0,0,0
0x47bef29a73f5af37ed666f9bda9aae1c554fc163,0,1,0,0,0,0,0
0x47c69e05d3d32658cb01cee954af9bb7885b094a,1,0,0,0,0,0,0
0x47d4375c9b83857d8ce478f70d0e63d746d3afe6,0,1,0,0,0,0,0
0x47d4cc3d331525976553baff7c9e4d410087804a,0,0,1,0,0,0,0
0x47df2f172d2f387a602a85adff876a8ef535cf62,3,0,0,0,0,0,0
0x47f402004456821f95724f122fd30f40abffba90,1,0,0,0,0,0,0
0x47fb9b34d4eca0ca1d25cafcb4924d8fc94e8170,0,0,1,0,0,0,0
0x4802fe0bf7eb3b3b0dce3ede89c575341f10e3e0,0,0,1,0,0,1,0
0x4803ead7b2996353373e82f501e1a23a2f892d19,1,0,1,0,0,0,0
0x480b94c1c794299157765988746cd97bea20a9b9,4,0,0,0,0,0,0
0x4817d74db306a6547f18d462f187affefaac313e,0,1,0,0,0,0,0
0x482f35aba9fb3dc1c4942dacb29b9a22cb648482,2,0,0,0,0,0,0
0x4831f53983eb50a9ffeee3d64762a70d7e6eb7f0,0,0,0,0,0,1,0
0x4839e3de8737769e0f93f176d157dca5e48b7662,1,0,0,0,0,0,0
0x483a816f1672e276416d7e18e905226f15c7e698,1,0,0,0,0,2,0
0x483b2942b24681c258bc5b63cd0921e6c5ea997a,2,0,0,0,0,0,0
0x484637c005c96e9308525c2019430f6846157157,1,0,0,0,0,1,0
0x484c4b5510e0a1b1aad05a52daf709a7643328b7,0,1,0,0,0,0,0
0x4853cb0e07ab16cb380f8aeda24507779881cdeb,0,0,1,0,0,0,0
0x4853f3f995b2922179af67329ee4c3e507e53bb3,1,0,0,0,0,0,0
0x485b224c97ad56dc5b145eafdee71a7b5163f735,0,0,1,0,0,0,0
0x485bcc7d43c186c7f93c018873108dd078282e64,1,0,0,0,0,0,0
0x485f3b5ec637187749fd643e517662bd99a4124d,2,1,0,0,0,0,0
0x486681bb877703e4385c8fe9688bff776cbc11c4,0,1,1,0,0,3,0
0x4866906760006017d03083140b169ed36bac6956,0,1,0,0,0,0,0
0x4868d191a23428fa9aca36a3d0f1421f33d12226,2,0,0,0,0,0,0
0x486cf19a550e2814aef970b14e509e93209a0151,0,0,1,0,0,0,0
0x48729a6e02e62ff5780e7b0eef200420e802d174,1,1,0,0,0,0,0
0x48783486ddd7fa85eca6b0c4ae8920bc25dfbcd7,0,1,0,0,0,0,0
0x488771fdac168e3e313763aa2907ac5806dbc976,1,0,0,0,0,0,0
0x48910bceb950d7b3a3f0a7e963c752a15d4c80fc,1,0,0,0,0,0,0
0x48a2378df3b5f4687ae918ae688cb7821627887f,1,0,0,0,0,0,0
0x48a6c4e778017d05916f56a227d5797c12652c21,1,0,0,0,0,0,0
0x48c8efdbf925a8028abf1d4bacb7baa59ff2948b,2,1,0,0,0,0,0
0x48de9c6454d9da324d7908a6472ca4fb77a3e4fd,1,0,0,0,0,0,0
0x48e3ec3d717ca867fa5b4ab61f6874dd0e3b8500,2,0,0,0,0,0,0
0x48ec60c155a8487f9f06107054afe947a2345bbc,1,0,0,0,0,0,0
0x48ec79ffdd733e72046533baafcc19864a976da0,0,0,1,0,0,2,0
0x48ee772b8c8927d8d32afc8961fbc177fb723637,1,0,0,0,0,2,0
0x48f3726c787bdc36bb00c978e701879ceed185a4,1,0,0,0,0,0,0
0x4900320fe47208de0b79db1273a78ab8c8f3528d,1,0,3,0,0,0,0
0x4902c062f1384654bd075b719c6a26a83ef7aaf0,1,0,0,0,0,0,0
0x490dbf7884b8e13c2161448b83dd2d8909db48ed,1,1,0,0,0,0,0
0x4933dea7ea497a87d41acc5d8048ac2d8e6cedfb,2,0,0,0,0,1,0
0x49392a5867a4fd35cc31e366d790216daefaa647,1,0,0,0,0,0,0
0x493d42eebb42d282641548cc3dcb04a7513eea6e,1,1,0,0,0,0,0
0x495b71d2e1f280bff2d7f1f26d4cbc12b7389d0c,0,0,0,0,0,2,0
0x496676b297799eeb9446b9d808c6051d33c6cb58,1,0,0,0,0,2,0
0x4afea0f1252335e5e6be870139de87725e16560b,2,0,0,0,0,0,0
0x4b353a668f90025337e7f1fcd4202c41f50a22df,1,1,0,0,0,0,0
0x4b35e0ab998ebe8414871c13cf778f9d0bbdf609,1,0,0,0,0,1,0
0x4b368266adb3e159affe3f6fe85b8e0f789323c2,1,0,0,0,0,2,0
0x4b37d3d8519172597a6a49c8079208dc1ef994ee,0,1,0,0,0,0,0
0x4b3b99e956588b54f5841f2fb7c63721e6c7c392,1,0,0,0,0,0,0
0x4b3dba23914665a40b47805cf1cdfd2e7087d20e,4,1,0,0,0,0,0
0x4b3eacb500955d22ee8bcdd8dd3d9009e29f2d24,2,0,0,0,0,0,0
0x4b3ecc8c6af161a0ca7cee21e76bda404489e798,0,1,0,0,0,0,0
0x4b417860f4f507d175091defb81c356a0b49770e,1,0,0,0,0,0,0
0x4b43d8a35257f42a2d0d4d774409208efc31b406,1,0,0,0,0,0,0
0x4b44f450bc3bfb60dc1a0690cba028e1193cae4f,1,1,0,0,0,0,0
0x4b480c1abef305c0e21644d083f677405ab8250c,2,1,0,0,0,0,0
0x4b4878af9474089783f9cef61edbe96614af79e6,3,0,0,0,0,0,0
0x4b4fb2f2dc64a2cf2afbc8119ca2eabbd99a575b,1,0,0,0,0,0,0
0x4b57471c5cf63b747e111bf9bd6f79e8aa6996f8,1,0,0,0,0,0,0
0x4b5cd619741838cb3442831c3f268a78b7df859a,2,0,0,0,0,0,0
0x4b5da69c6289bd71d643710d0a63bd4867808451,0,1,0,0,0,2,0
0x4b6fbdf6cd580f11bc5e2956be51cced45dab6e7,0,1,0,0,0,0,0
0x4b71ad9c1a84b9b643aa54fdd66e2dec96e8b152,0,0,0,0,0,0,1
0x4b77bde81ceaf137d883e43aa27cf767cd2f8141,1,0,0,0,0,0,0
0x4b7b633c44fe54cc2c58378e98aaa301ef8522b8,2,0,0,0,0,0,0
0x4b7ca2ac56e69b9687b94b41b61a57cad3017ee4,4,0,0,0,0,0,0
0x4b7f293387ad7f77184875f00a758d2ad5245ec2,1,0,0,0,0,0,0
0x4b826daea6ac8fb869039ff1b3c80e150c3ad9e8,2,0,0,0,0,0,0
0x4b85e647d3e0387a1a475d90e5e2d38ec7234c1f,0,1,0,0,0,0,0
0x4b8b085091c51f5f16d8e4a873eabfa6508ddaaa,2,0,0,0,0,0,0
0x4b8b7f902456204f5a8cdd36cfe0ce0233822e2e,1,0,0,0,0,0,0
0x4b8e1ad58657f8b4b036ad12afbcef54d24ac9ba,1,0,0,0,0,0,0
0x4b93ff6695a76553cc50dae06ece3576723f0cc2,1,0,0,0,0,0,0
0x4b958074cee6546e29cdb3c43494e7425b85f59c,0,0,1,0,0,0,0
0x4b96090b1653ec92fd47337593e8a99b4cf902a1,1,0,0,0,0,0,0
0x4b96bf1fef93a216914fc843d81207a027ce52b3,0,0,2,0,0,0,0
0x4b9cf3bb930e3eb8a37645ab28194dcc05e1e0aa,1,0,0,0,0,0,0
0x4b9d69af3662741baed2eeebea7239ced1f7a800,1,0,0,0,0,0,0
0x4b9d8e37bd266fe27adc45a31a6e1c2b9ca18737,1,0,0,0,0,2,0
0x4ba0d338a7c41cc12778e0a2fa6df2361e8d8465,1,0,0,0,1,0,0
0x4bb0a085db8cedf43344bd2fbec83c2c79c4e76b,0,1,0,0,0,0,0
0x4bb0f20cf2e4cd470ed9537b1b69aa7a2c53707d,1,0,0,0,0,0,0
0x4bb12d68c795462c12ec30ad82421218d9c32a7d,1,0,0,0,0,2,0
0x4bb301e545a3e948b20ea9a0f02d3948af6fe6db,1,0,0,0,0,0,0
0x4bb71389943242be7e08b61c00175a8f0e8cabb4,1,0,0,0,0,0,0
0x4bb936f3ec75fc9f7d6f5ea3ad9837383c23703c,1,0,0,0,0,0,0
0x4bbbc57af270138ef2ff2c50dbfad684e9e0e604,2,0,0,0,0,0,0
0x4bc53ead2ae82e0c723ee8e3d7bacfb1fafea1ce,3,0,0,0,0,2,0
0x4bc78f6619991b029b867b6d88d39c196332aba3,0,0,3,0,0,0,0
0x4bd0c1b91d0d884fa4b31e4174a5686b29330667,1,0,0,0,0,0,0
0x4bd22737812e4412879aacf0b400131e1ee0a4a5,0,0,2,0,0,0,0
0x4bd3aac60b2e8893913b8398edda362e6b46dd98,1,0,0,0,0,0,0
0x4bd70556ae3f8a6ec6c4080a0c327b24325438f3,2,0,0,0,0,0,0
0x4bdde1e9fbaef2579dd63e2abbf0be445ab93f10,1,0,0,0,0,0,0
0x4bdf685f6949161ccdccab524bf69aa0ae7b640d,3,0,0,0,0,0,0
0x4be10da47a07716af28ad199fbe020501bddd7af,1,0,0,0,0,0,0
0x4be20fffb4ffb7016180661e592db1c1f886d396,3,1,0,0,0,0,0
0x4be28e4b7dd6a8d5a4fa059382175dad781b51e8,1,0,0,0,0,0,0
0x4be8d9681891981e81bcfb61845483a68a6e1425,0,0,1,0,0,0,0
0x4bea1b5de7e3f09f6131408bc306b1de411a3957,1,0,0,0,0,0,0
0x4bed05e3d9e9c09e7f5ee95828c485b907873589,1,0,0,0,0,0,0
0x4bf0a47d968e6a9d6c14671b091f20e20a6b8ef8,0,0,0,0,0,2,0
0x4bf39e0e3bf4097564ec41ccc26cbf3da3a7417a,2,0,0,0,0,0,0
0x4bf3e4d2378a1256cbe1cd1c2a8bc9857b811282,1,0,0,0,0,0,0
0x4bfdd2c84ebb58daad7651da193d961966797d31,2,1,0,0,0,0,0
0x4bfed6f4fd57a1709b469e1a8918c6921e82a4f9,1,0,0,0,0,2,0
0x4c0cd0b7b31dff9bed77931f3a6183fc64b44d5b,0,0,1,0,0,0,0
0x4c0fbe1bb46612915e7967d2c3213cd4d87257ad,2,1,0,0,0,2,0
0x4c129783b42833220ad57d48548f871189009d3f,0,0,1,0,0,0,0
0x4c13184721de2d1b47a8875775ba3ce0b2e00ee0,0,1,2,0,0,0,0
0x4c14114c107d6374ec31981f5f6cc27a13e22f9a,1,1,0,0,0,0,0
0x4c1547be2c6f77c514840041b5a53d32f69e2c64,1,0,0,0,0,0,0
0x4c1a22be48ef517391a491547389fb5f4f75a885,0,0,1,0,0,0,0
0x4c1a8ba7d6fe281ea01b3cd69fcb6d82d5771996,1,0,0,0,0,0,0
0x4c1ef44b89fdadaea76a6a8004a1b7a5b6a7f603,0,0,0,0,0,2,0
0x4c2085edeefa307e73a10e3e7224886e6b6a0586,2,1,0,0,0,0,0
0x4c21493de510597da8f8ca7c534448acd6b4602c,0,0,0,0,1,0,0
0x4c246f6e5fb1302c4f244ca3acabc2c09cfd46ad,2,1,0,0,0,0,0
0x4c251de85ad3498c5b89388d8efc696ddd0b0fe7,0,1,0,0,0,0,0
0x4c29be83d5dc0bb45faffa6af3f35a7b5862ff54,1,0,0,0,0,0,0
0x4c29d75cc423e8adaa3839892feb66977e295829,1,0,0,0,0,0,0
0x4c2b12b0b55bb905d1ab300864213270033d361c,0,1,0,0,0,0,0
0x4c2c4511ba8f5b5f356adf7eaebce8dd2ea9a9c6,2,0,0,0,0,0,0
0x4c30afe476e90b3a1e094a6ed6c17c0369a6d4ef,2,0,0,0,0,2,0
0x4c3891c5140bbd0cddd3643ced0d14a50c3f6271,1,0,0,0,0,0,0
0x4c3a22fc1f2f3307a01f71d266e01a06d86fb0f1,1,0,0,0,0,0,0
0x4c3c6f5f2ef44f5e2ffcf6c20b906a91d246c9a2,0,0,1,0,0,3,0
0x4c3da77d8bce020d4128995d7f92c5bd0919fcc3,0,1,0,0,0,0,0
0x4c465715e56f95cc9623144d1378bdd044dd3e1e,1,0,0,0,0,2,0
0x4c4757b23526ba13876f8ef3efe973618266e3e8,3,0,0,0,0,2,0
0x4c478ac32725872e30bca49957abc7dbb325cb21,0,0,1,0,0,0,0
0x4c49d776c1c314d16b82ecac7ed8f70433db757d,2,0,0,0,0,0,0
0x4c4bcb4ffa0d7eab9287d1df294c8391e3b8096f,2,0,0,0,0,0,0
0x4c524b1e9d947c79be92e20c82e7281d783657dd,0,0,0,0,0,2,0
0x4c54e5ee228b1c917980687a7e54876c340fed7f,1,0,1,0,0,0,0
0x4c54ebf7f5199bd7e7a04d9a3f02340c9bd75ced,0,1,0,0,0,0,0
0x4c5e9c0c0bf644cd265c9500e1aad0bae0977b78,2,0,0,0,0,0,0
0x4c60e311d8fba04e313f7e7b3dec61b3028726d1,0,0,0,0,0,2,0
0x4c65398a84088338bdf80169292f2f067428f3af,0,0,1,0,0,0,0
0x4c6b58288f381bdc580f39e76b97625771f93603,1,1,0,0,0,0,0
0x4c6e23e5d9dc901991128b3ced739bb0167d7474,1,0,0,0,0,0,0
0x4c747b6ac42118186d83dac6a2e3994284711334,1,0,0,0,0,2,0
0x4c7bc4d7c5e2ed2f14f8722b7ded6c615d578c1e,1,1,0,0,0,0,0
0x4c7c98c4d64c29ef8103b005eeccf5145cfdf8c1,1,0,0,0,0,2,0
0x4c7e8e14626249eea89b3d643ebe68795b49a6f1,2,0,0,0,0,0,0
0x4c7f666ca30fe548fbdc08b0308927327f08336d,0,1,3,0,0,2,0
0x4c84949b55f21a376dba12e732958ede8b033b0e,1,0,3,0,0,0,0
0x4c8c4659f734294d9561c8b0efc210028ed12052,2,0,0,0,0,0,0
0x4c902a3ff72dcf01bac6b9d0438565e649a87404,1,0,0,0,0,0,0
0x4c92efd7dabfd1d1af2d96989fcd4e6edff691b4,1,0,0,0,0,0,0
0x4c95a12c4e8d8ee726eb8f08521fa89a856b2e0a,0,1,0,0,0,0,0
0x4c992538891a49ebb4b8f3091b952c6aaaf85253,2,0,0,0,0,0,0
0x4c9ad100a53380ed6fcceec2751755293790b0c6,2,1,0,0,0,0,0
0x4c9b31eeca8da5a63237097176691bef68e8b8c5,1,0,0,0,1,0,0
0x4c9d38b4e71de67e680f318a1268e18d1d946c04,1,0,0,0,0,0,0
0x4ca263ae1d81b3771f12d110406bdcc3ed1c0752,1,0,0,0,0,0,0
0x4ca65f54f923be2fb3efc3a7758e88a6f910806e,2,0,1,0,0,0,0
0x4ca748e2f804ed759939799cdc2de94f6cb19f79,1,0,0,0,0,0,0
0x4cade551cbca8bdef947922577bf76e6940df26c,1,1,0,0,0,0,0
0x4cb200957a11cbff512b4752e6ee38c9253fdd54,2,0,3,0,1,0,0
0x4cb6d378f31f8e802a49092a1f2db97c2662f4b4,1,0,0,0,0,0,0
0x4cc29dd2b01a3e0ed005c6e2deb5b3666e4c240c,1,0,0,0,0,0,0
0x4cc34f17a47943a037e3a432ca1399daa0ca0bb7,2,0,0,0,0,0,0
0x4cd161743a3378aa4169cb5844ea422985342c05,1,0,0,0,0,0,0
0x4cd6e70a33092e2e3aac431c39b3de364042f9f0,2,0,0,0,0,0,0
0x4cd988afbad37289baaf53c13e98e2bd46aaea8c,0,0,4,0,0,0,0
0x4cda22125752e0f17fe27add1c3f3e9669876c98,1,0,0,0,0,2,0
0x4cdcef47af71b7225f703ed566dc68af4480ceba,0,1,0,0,1,0,0
0x4cdee773fd90f91e98b7d33db5c12376deee3b08,0,0,0,0,0,2,0
0x4ce47b4e5f0ee1118b6a064dbb3b3ed2edcffd9f,2,0,0,0,0,0,0
0x4ce68b018062cfccd66c7fbbb2cc1f0161d22150,1,0,0,0,0,0,0
0x4ce6b362bc77a24966dda9078f9cef81b3b886a7,0,1,0,0,0,0,0
0x4ce795fa7bb1adf6d5ad7dc234d7d8dae14596ef,2,0,0,0,0,0,0
0x4ced73edbb326de8f7d9c5694b00da7b75506d96,1,0,0,0,0,0,0
0x4cee97ddd88f0bec86dd4b4163ca499a9790c3df,2,0,0,0,0,0,0
0x4cf286da8dec355bb8d51a3f8ff509e2b594e6ff,1,0,0,0,0,0,0
0x4cf2bfe70afc0ccef473c00abdd288a00d8c80fb,0,0,0,0,0,2,0
0x4cf3d23287bab2856df91b2e9a982641dd88dbcf,1,1,0,0,0,0,0
0x4cf488387f035ff08c371515562cba712f9015d4,0,0,1,0,0,0,0
0x4cf6e4b46d58d17bc51c6752381ae7d4149b04eb,1,0,0,0,0,2,0
0x4cfb59bdfb47396e1720f7ff1c1e37071d927112,1,0,0,0,0,0,0
0x4cfceba429a36f1be3b1667a252948ab713b12e5,0,1,0,0,0,0,0
0x4cfe597e2922790353a093a1de4f6b47a4bb3f44,1,1,0,0,0,0,0
0x4d0425e47ee2d16b94c036715dfcb52a0cebc4dc,2,0,0,0,0,0,0
0x4d0528598f916fd1d8dc80e5f54a8feedcfd4b18,1,0,0,0,0,0,0
0x4d066feb188ee4582147d82cb901277425432aa7,0,0,1,0,0,0,0
0x4d08514e336ed1b1ebdeea15318a3e2603e1dfca,1,0,0,0,0,2,0
0x4d09c5e758ca68be27240f29fb681e5a5341ca98,1,1,0,0,0,0,0
0x4d0cdad789cf3f4b770c5b86dced6d198bf69eae,1,0,0,0,0,0,0
0x4d0dc912fcad3b070d187ab8ac89e63d2b532b8a,0,0,1,0,0,0,0
0x4d13eb2ad14fec7d72a9ad2bbd8635f2d5812071,1,1,0,0,0,0,0
0x4d18b7db1ccf126be3fc1858d959cdd74a3b3ad9,0,0,0,0,1,0,0
0x4d1f30f7509979b9fdeb5c1ab59e1c565e55e1ed,1,0,0,0,0,0,0
0x4d2c05109a1309c6de0d3b7f06f397c9c41b8fae,1,0,0,0,0,0,0
0x4d2d7ea45162b91f0e584463ed2afb54ca558cb4,0,0,1,0,0,0,0
0x4d2f0f233a06885471a81420fd85d0bbf6c2c776,1,0,0,0,0,0,0
0x4d319d5a58f9d4690fb10c62fa54b5a42c54f431,1,0,0,0,0,0,0
0x4d3b775a793aa40e52e5ebd76d1904318fcf4989,0,1,0,0,0,2,0
0x4d435b8a5ac5261352cf421babc555e84c988d31,1,1,0,0,0,0,0
0x4d4377ef856e89cbf76f8e994ab3065445d82f4f,1,1,1,0,0,0,0
0x4d442dd04432685febb4330bb6cf955f61d4da36,0,0,0,0,0,2,0
0x4d48ee87ab535833fdd79c7d1c4aac3c7c304b13,1,0,0,0,0,0,0
0x4d49849dcc51ea1675140cb007d9f6897ae53260,0,0,1,0,0,0,0
0x4d4b593e2a57de3e6df91bb86ecc2eeedd0589ed,2,1,0,0,0,0,0
0x4d4d55dbdc229fc5ba788d74dff2d583056d86bb,0,0,0,0,0,2,0
0x4d4fd61de9e53574798e624b868604c5c6fd2c85,1,0,0,0,0,0,0
0x4d50c99294daa84d8de9b2a5b9b6a6d9a8d88aa3,1,0,0,0,0,0,0
0x4d538b9b3c1c3f58707a9689b5bc3d860c011242,1,0,0,0,0,0,0
0x4d55ee29f3806c6feb424ba5948d660586bd51d3,4,0,0,0,0,0,0
0x4d56c829c185a2526b18bfc3b50dd26454759a8e,2,1,0,0,0,0,0
0x4d5ed54e732cc6cd3ebcce015e3d80c6dc181b06,2,0,0,0,0,0,0
0x4d66945d0b739574634b59190af51b4fe27858cc,2,0,0,0,0,0,0
0x4d6993c02e6bbcbf6d6183c9b599b1d8c18c32d8,1,0,0,0,0,0,0
0x4d6ec066345e3466d9e970caad4732983ae4bc2c,1,0,0,0,0,1,0
0x4d6fca01cf1eda9c66a77c43c1326e3fe350996d,3,0,0,0,0,0,0
0x4d7242b3e25d54457854d7fe859924522feebeab,1,0,1,0,0,0,0
0x4d73a6a5698990a01b6e526b73fceb0efbbfd159,1,1,0,0,0,0,0
0x4d74a7db43bbd1de7708cdf55acbbdd71b65cf6d,0,1,0,0,0,0,0
0x4d74acfb21f3be9d98263fc0b721840be958ef9d,1,1,0,0,0,0,0
0x4d797cbb28c49bd074db4a47b582c95fd37804a1,1,0,0,0,0,0,0
0x4d7d503b200dbcca6070f451e8e1fbc3420700ed,1,1,0,0,0,0,0
0x4d7edd5f94515b0f35b38f6fb2ea975a20823465,2,0,3,0,0,0,0
0x4d81198dc71ffd13917da27d1a3f8599ac690535,0,0,0,0,0,2,0
0x4ee1ba168551379fd8a59e2e918ff9ee109a6abf,0,0,0,0,0,1,0
0x4ee1d7720a04072142b2efc9d2c7d5d77ad63939,1,0,0,0,0,2,0
0x4ee3f56ba765d040871b1d42404616357ff24102,1,0,0,0,0,0,0
0x4eea6bdcf9dfca9e5b1daa01c2f6dae3f14ecf9b,2,1,0,0,0,0,0
0x4ef7a66326067e84b51a4a42d9229497efcfa881,0,0,0,0,0,1,0
0x4efd3bf84f40eda370e52df162eccc394cfc8834,4,0,0,0,0,0,0
0x501a752f6cb44bd7c8e9ea0d97347d6c65a48ea5,1,0,0,0,0,0,0
0x501c17b26029f3a129fd9adeb4b642bd35a35248,2,0,0,0,0,0,0
0x5026f9ef7645b00570e99c42d5b320c01a898a43,0,1,0,0,0,0,0
0x503a7b43335e035bdfec030d2ef718449d985050,1,0,1,0,0,0,0
0x5041d5c444c2d730b406ae5ec9199cd8e47e463c,0,1,0,0,0,0,0
0x5044ac8da9601edf970dcc91a10c5f41c5c548c0,1,0,0,0,0,0,0
0x5046e860ff274fb8c66106b0ffb8155849fb0787,1,0,0,0,0,0,0
0x504d917d0e941550e9f89df195b969e7430118ee,1,0,0,0,0,0,0
0x5057a5854e251eb15832576330bcba344397954c,0,0,1,0,0,0,0
0x5059601b10af5faf69633692abe1d6a877d2be87,2,1,0,0,0,0,0
0x505d0c2061f124c0ae03f795c4aeddd7ff9d471e,2,0,0,0,0,0,0
0x5064ec168fac380a866e8061b422d75b73470ad9,2,0,0,0,0,0,0
0x5064ef946f91e8d94f845cf9a403acb1b9739eb2,1,0,0,0,0,2,0
0x508404d6f5342b4a11a08e8be3f9bb2ddbdc189f,2,0,0,0,0,2,0
0x5085c5356129ee11bffb523e3166d7153ac13c75,1,0,0,0,0,2,0
0x508f36baac673fe9e213e69f0f75cbcfeb015917,1,0,0,0,0,0,0
0x5094f35a78dbe896c4f357bf9165448be40309de,0,1,1,0,0,2,0
0x509887e0ea70bf8f471a2fb8696979b3abf07650,0,0,1,0,0,0,0
0x50a0ea5c75a7503866493807527a421d4e830ec0,1,1,0,0,0,0,0
0x50a667b73223bc612bcc43200120b5c46ee6b4e9,0,1,0,0,0,4,0
0x50b5b2d7f93e2f1a87f0f54dfb16649b0e5827c3,0,1,0,0,0,0,0
0x50c367245ae216e0e2699ba9b1d8e1645d8a7e6b,2,1,0,0,0,0,0
0x50d1eea88e9be7a39601f4b693887e21a601fd58,2,0,0,0,0,0,0
0x50dcb99ff4d2b537abe68d30d68eb46e218b2776,0,1,0,0,0,0,0
0x50ec4b1f8434020e2d896c9cfb8a20d63af6136d,0,0,0,0,0,2,0
0x50f37df80a4e804a03275b21f83ebf5d5a668d39,1,0,0,0,0,2,0
0x50f7c95b7e82ea5e0953de8c7ead20a9dd289ec2,2,0,0,0,0,0,0
0x50fb2403b415c4ce2c94c7bf7cbfa36145fc5cbf,2,0,0,0,0,0,0
0x50fd51b624ca86be3dbc640515ebc407a163cd6c,1,0,0,0,0,0,0
0x5101067e64f9e564bed7dd9c7378d7cc9dd5f550,1,0,0,0,0,0,0
0x51036b0029e95ecbce4784df0a87987d1092ec7d,1,0,0,0,0,0,0
0x51047b6c579c079b0e0992ee6198bd6df93bad1a,1,1,0,0,0,0,0
0x5106c805f18af0c0f4ccebb4a08ba00c56328d4e,1,1,0,0,0,0,0
0x510f9f5928ac008239913cda86613ab437069c57,0,1,0,0,0,0,0
0x511724936c6f550be63e940ebdd4800f095ea12c,1,0,0,0,0,0,0
0x511b082efa15802db82f37a52096d565e0154088,2,1,0,0,0,0,0
0x51257ce076e3b4a2c4de2763e442ea2bf2c61e2c,1,0,0,0,0,0,0
0x5129bdff6b065ce57cc7e7349ba681a0ac1d00cd,3,0,0,0,0,0,0
0x512a4d492669e5f0746609d638796c0ad94276cd,2,0,0,0,0,0,0
0x512aa94d28f30ac915f32d24bcb32fc385edc976,1,0,0,0,0,2,0
0x512b4e460fc59123e334c9c74344c4e94dc6389d,2,0,0,0,0,0,0
0x512d3dfe9c5f04276d772984c3a94039ad34b32b,1,0,0,0,0,0,0
0x51344e5ca564d1b8f05bdb483305a3cafec3df78,1,0,0,0,0,0,0
0x5135815b39806be487b153f927aa27ed507bd937,0,0,0,0,0,1,0
0x51390c2435e4c1adbf01e5dfc59adc95ddceeecf,0,1,0,0,0,0,0
0x51430fbd23a8aef3d82e4240152ba379ff84016b,0,0,1,0,0,2,0
0x5149474fd339e95271304b5b28f6e456a24c0e25,0,0,0,0,0,2,0
0x514bc174df04a4b04ae2be81ee8c788c3796b06b,0,0,1,0,1,0,0
0x514e5da2903a5db9d05e9618816b15d22d29c26a,0,0,0,0,0,2,0
0x5155a0722a45905dacf49598a02eff3777340acd,1,0,1,0,0,0,0
0x515669d308f887fd83a471c7764f5d084886d34d,2,1,0,0,0,0,0
0x515c5f699ba46bb43f720914b5615e00aa160871,0,0,0,0,0,1,0
0x5165db3dffd92454c2d59faa8e2d907e54f174d3,0,0,1,0,0,0,0
0x51696e028e0fe5416481c28cf1a2626d43680751,3,0,0,0,0,0,0
0x516d81a212ad95e6fc9eaa586b7e12e58d5129a9,0,0,0,0,0,0,2
0x516f02475acf19bad0352ce3759c42adaac0000f,1,0,0,0,0,0,0
0x516f49a1a2087d481b73abe69f50d6e663228cca,1,1,0,0,0,0,0
0x51754fb81c6f7605658f79cb2519625a0d296765,2,0,0,0,0,0,0
0x5175731f308e27855337b902e667c5f36f8ce3d3,2,0,0,0,0,0,0
0x517be460e08a7ecce448f54b41658c0bfb0d8674,1,0,0,0,0,0,0
0x517c8bbb18d69d7d8f059175f612d556670b22c3,0,0,1,0,0,0,0
0x518049c81352636b34d82f0a3fad8cfe3571f35a,2,0,0,0,0,0,0
0x518be1097f1b72e60f9e12247980f4c08b643809,1,0,0,0,0,0,0
0x518c55ad0cc887f78e2c7fe23b14c33a34586edc,0,0,0,0,0,2,0
0x518e5a711cf84666b98dddb00a0d4a0a6c59955e,1,0,0,0,0,0,0
0x518f575e145347aa550534f1dacf7dab8dcf5738,0,1,0,0,0,0,0
0x5192a95f79c83e1581574b90f75a28af79c871ff,2,0,0,0,0,0,0
0x519e5585540ac8d5770cfcd8175bbbd2a6430367,5,0,0,0,0,0,0
0x51a1a60ae2310e34295a18b559cac9e4140303d7,2,1,0,0,0,0,0
0x51ab0d8afb8b9dd4b8c0eebbb4b211b9463e45a6,2,0,0,0,0,0,0
0x51ac52a7405257eb47b267590990fda016cd5d7e,1,0,0,0,0,0,0
0x51ad8cdcfe12dd38c746abe72429b9c870032a7c,1,1,0,0,0,0,0
0x51ae2f91619246ad3a20f4e76f3323a836bde6a5,2,0,0,0,0,0,0
0x51b0dfd23f45e0700c598bbb91bee60e0a175c1b,0,1,0,0,0,0,0
0x51b2a3f1eab23fc5102be4ac5af8da0ab46a90d9,0,0,0,0,1,0,0
0x51c22c78d753939c8aebae437c2f18eee43ca296,0,0,1,0,0,0,0
0x51c5ca1bad35e5435ee65aa0170af5b6b662a416,1,0,0,0,0,0,0
0x51c6a6ef1352578ff01b078313e6779b88bdcb1e,0,1,0,0,0,0,0
0x51cf271deceb13b1711a9b5108917f43ea65fd05,0,1,0,0,0,0,0
0x51cf6fade7f1fd020d977e539320ca543af2090f,1,1,0,0,0,0,0
0x51d9e05775bde1b3c12d781d2f847b1ab93e3c3d,1,0,0,0,0,0,0
0x51dc7a99d479ec511e2fbf142eeee3fca0fb76a8,1,0,0,0,0,0,0
0x51e4e00e3e019e58fc0b8cc8c6490a2d28efbf44,1,0,0,0,0,2,0
0x51e60a9eaba215ce6451d29b01356eea7ace4f2d,1,0,0,0,0,0,0
0x51e7359d008a85a021da36370d78b594079a67b1,4,0,0,0,0,0,0
0x51e9244bae3fca7473fe48651dfd7db53aa55856,0,0,0,0,0,2,0
0x51f171b6bc39456dd94a303537d995ea990e1146,1,0,0,0,0,0,0
0x51f4fcf219d79855341f749c0f1008c6066a2f1f,2,0,0,0,0,0,0
0x51f545a57a88d193227f506ff07911da0df2749c,1,0,0,0,0,0,0
0x51fb3da8a67861361281ac56fe2ad8c3b4539ffa,1,0,0,0,0,0,0
0x51fdbea12a9d330c02d1e9154774c460bdb94a1d,1,0,0,0,0,0,0
0x51fdc3827865af9bde006a2ad6d593d4aca5e591,1,0,0,0,0,0,0
0x520308ffce2feaf394be1f23997312dede3ef541,1,0,0,0,0,0,0
0x5203deab886c7e84f84549865baf0ece0ff98667,0,1,0,0,0,0,0
0x5206186997fec1951482c2304a246bef34dcee12,0,1,0,0,0,0,0
0x5209283a7ad07b579cb34183f4dc1da2aef422dc,1,0,0,0,0,0,0
0x5209647ee5d6247daddae470ccc6a282c642f6d8,2,0,0,0,0,0,0
0x5211475520dc4a13fee1cc7c2c0c1167998bcbb8,0,0,1,0,0,2,0
0x5216b9c6f7c1e0e42d64cbe608a8d46594242c6a,1,1,0,0,0,0,0
0x521a0d4917b1dec2c21b4807a3dd41c5325aa637,2,0,0,0,0,0,0
0x521ce45db5b39bd758afb43e5c10ce1d72730c84,2,1,0,0,0,0,0
0x521da4a05a7a4c1714fdb747bb1a91296352e89c,1,1,0,0,0,0,0
0x521ed218348577fa2915b9454b72712024d350d2,1,1,0,0,0,0,0
0x522055cdfabaed68f1fc579f18cd7a8a6e0ab79a,0,1,0,0,0,2,0
0x5225f66168cc9c145b885d7af72054b52dbe1a0f,0,0,1,0,0,0,0
0x523630976eb6147621b5c31c781ebe2ec2a806e0,0,1,1,0,0,0,0
0x523dc2c35f1d6071b5cd72cf4d7b670193034824,1,0,0,0,0,0,0
0x52553a82adbc45eda6af687f9b5246fc51863b50,4,0,0,0,0,0,0
0x5255fd71e5ad9be04cdd5401c14a2765a99ccaf9,3,0,0,0,0,0,0
0x5258e585f8efe5d7ecca0a9232fc26fd8ca02436,1,0,0,0,0,0,0
0x525fb9e20dabbaa0b3218087117b4970cf34ecf1,1,1,0,0,0,0,0
0x52629dd14923d9f60deafdd373ff6e1145866f09,2,0,0,0,0,2,0
0x5270a37951f8c3ff2a99c6fb386cbc2aa63aa709,1,0,0,0,0,0,0
0x5274a2293dbe075a82d41e873bb927403a9dce46,1,0,0,0,0,0,0
0x5276761e4c476f63d5d61f030c3ae53c55fd97cf,2,1,0,0,0,0,0
0x527980169ea610d13887b97f12024320c75f26a3,0,1,0,0,0,0,0
0x5279ef99353dd74fdfda8d70e9a2f6cb8a1ae2fe,3,0,0,0,0,0,0
0x527d1a248dbd53dba2cd3292d63e9fb8ce997c7f,0,1,0,0,0,0,0
0x5287b19bf61a4f9375d1f6624565db164bcb0208,1,1,0,0,0,0,0
0x528b165220a26565e00709cbaef7b88fc8600f81,1,1,0,0,0,0,0
0x5292eb1d4f669e697ad14e55d151013969485711,2,0,0,0,0,0,0
0x52956cd6f9d5d8a0ffdce1e9b68ef72cd9d64655,1,0,0,0,0,0,0
0x5298a879e14fd5b19ebcab2104927c535cd0b90c,1,0,0,0,0,0,0
0x52a4b11b23587467b54a49ec0ccb47436526f714,2,0,0,0,0,0,0
0x52a5e1a56a124dce84e548ff96122246e46d599f,2,0,0,0,0,0,0
0x52a9700551128585f0d68b6d4d2fa322a2aeee47,0,1,0,0,0,0,0
0x52ab2ef83426ad1fa5d3e402947e38dce2894903,2,0,0,0,0,0,0
0x52ae0ca384dad6f74ead0cb595942c28b980c99c,1,0,0,0,0,0,0
0x52b5a68d069a6c9b2f36f279e9d936557fe8d29c,0,0,0,0,0,2,0
0x52c2d09acf0ef12c487ae0c20a92d4f9a4abbfd1,1,0,0,0,0,2,0
0x52c52944eaac353f054902225e1df036589fb6d7,0,0,1,0,0,0,0
0x52ccb8ebb0f55a592ce67dd49249f6cb0c64a129,2,1,0,0,0,0,0
0x52d208f3ff79985b5a50a55fd35334f924a9f643,2,0,0,0,0,2,0
0x52d3ec187457a106d2ec546be4cb8a11d9be2527,2,0,1,0,0,0,0
0x52dae2b2573d36a339dc1ddcbd726f06c428d652,0,1,0,0,0,0,0
0x52e0ea6f341663ed806b9e80d0c2890a9e49c8d7,3,0,0,0,0,0,0
0x52f7018bc6ba4d24abfbaefccae4617bfb0a0b52,2,0,0,0,0,0,0
0x52fb36c83ad33c1824912fc81071ca5eeb8ab390,1,0,0,0,0,0,0
0x52fe31c97e5c29ea63cbcfb045e1171427bb9248,2,1,0,0,0,0,0
0x5304a4b788946f534088e9d8975ca8c1a3ded913,2,1,0,0,0,0,0
0x53088104b7a9a04e52d8b884571634c815bce666,1,0,0,0,0,0,0
0x53148bb4551707edf51a1e8d7a93698d18931225,1,0,0,0,0,0,0
0x5314dd28de3f215647b64ccb3701e6098a80d080,2,0,0,0,0,4,0
0x532975d56cf18f597480e2521246b273ad9ae348,1,0,0,0,0,0,0
0x532a68a4f2cf7f381dbe151bc64771396eca9398,2,1,0,0,0,0,0
0x533411c7c401ee3a136ddc7a2fc95d6624c9e041,0,1,2,0,0,0,0
0x5335ef421f90bac4605908bc3a0f493a4e9119e8,2,0,0,0,0,0,0
0x533ec971484b1014215422010978e892eacac430,0,0,0,0,0,2,0
0x5340b3893c8bab2adce3cb0deba09a369c6b69d4,0,1,0,0,0,0,0
0x53437f622bf47e758c301d0e1d2649fd42a8baa6,2,1,0,0,0,0,0
0x534546c490a4ed2a9d0c3555447bb9b4b01bcb9e,2,1,0,0,0,0,0
0x5347bfbec9803c6850dfd55d797e9ecf8689b688,1,0,0,0,0,0,0
0x53562419e435cbae65d73e7eae2723a43e6cd887,1,0,0,0,0,0,0
0x535ab96be208f115302facee73ae976e9174ac0b,0,0,0,0,0,1,0
0x5365b7a3e4f68a84323792f2d0b44b0bbd5b6f0b,0,0,0,0,0,2,0
0x536ad2443ba256577876dbb4b89db10966513475,2,0,0,0,0,0,0
0x536c7efeebff067a69393133b1c87a163a6b0598,0,0,2,0,0,0,0
0x537607e30d7a4343fe555d3087ec4762f9002a2c,2,1,0,0,0,0,0
0x5378a8bfe52592fcf436dfbe3cd389c494706c5f,0,1,0,0,0,0,0
0x5378ae149e06a6a6367e1e65332e4680dde53e07,1,1,0,0,0,0,0
0x5379bfa28446714ba0476841292f9368b8e9572b,0,1,0,0,0,0,0
0x537c23b71d847eef947f150ac7e33b1854138d5c,3,0,0,0,0,0,0
0x537ffa421d035f42cb5860cc21857df4521f4ec8,0,1,0,0,0,0,0
0x53844515fcd00fe3864167a648309dd11c5055fc,1,0,0,0,0,0,0
0x53848e6049e19bf83acba186aeb42117011becb6,0,1,0,0,0,0,0
0x53877b7c93c80c9631c73c5feda1e421d836a39c,2,1,0,0,0,0,0
0x53939398a56670c788a9b9e671e58da73df032bf,2,1,0,0,0,0,0
0x53952e122b1529f8b77597c8d05347262ab577cb,0,1,0,0,0,0,0
0x539bff788404c395117dd2dfdcc3d5e00a72d3b7,2,0,0,0,0,0,0
0x539ff2f3c6741632f3695c7b043374d08356d7a3,1,0,0,0,0,0,0
0x53a123ce484b42581b2587624347a9f40e5972c2,0,0,0,0,0,2,0
0x53a30b07bea5b8e9b5f710e038867a1531b0b5dc,2,0,0,0,0,0,0
0x53a39eef083c4a91e36145176cc9f52be29b7288,0,1,0,0,0,0,0
0x53abc26a7af939de02dcef6df31d8dc28231b0a0,0,0,0,0,1,0,0
0x53b27466c3fa132f7e81d6399a776c55f21ad480,1,1,0,0,0,0,0
0x53b363a63c6c4dfd09121fa9cf1a1279c1c02077,0,0,0,0,0,2,0
0x53c2159fa4690ccaa773086a137fb1cd17f65f35,3,0,0,0,0,0,0
0x53c2a294701530a01a33b7a69fa41ccf3669a314,2,0,0,0,0,0,0
0x53c347888c54519820249ee629b30316f3b79974,0,0,1,0,0,0,0
0x53c3c2eae35cbd790c3a90d8f1b2878ba523f01b,0,0,0,0,0,2,0
0x53caa71f4a8a2617592fd55f0001a0948a16ec67,1,0,0,0,0,0,0
0x53ce47cbe7f2be0aecd086a70182a98c907d024d,5,0,0,0,0,0,0
0x53d428716900eae876ad1d7e4535e796b5faeda2,0,0,0,0,0,2,0
0x53d53464a636d61c928f3ab18ad76d378bbb359c,0,0,0,0,0,2,0
0x53d99767189966d375f1d246f8456a108bb94e2f,0,1,0,0,0,0,0
0x53dc2d4c1908fa96d8ceef7c8e23a74da0a9bba1,0,1,0,0,0,0,0
0x53e3a7ec57132173ce615debb9a303fd2cd86789,2,0,0,0,0,2,0
0x53ec8bca4d14737f7ea33415bfe392f32e331b35,2,0,0,0,0,0,0
0x53ef8e6cb3a7c96d7aecf39b2d4d09c166269c34,1,1,0,0,0,0,0
0x53f647e55802618a0b66dc1a20fc9bb4556f0301,0,1,0,0,0,0,0
0x53f671aef0a803085f6e3a6c215dd88454394f3e,1,0,0,0,0,2,0
0x53fecaea999360abf21736e3d54d9da0f412e8a9,0,0,1,0,0,0,0
0x53fedbfc3f34bcda66f7dbbff52c907e7707bbff,0,0,0,0,0,2,0
0x5401bb4729bd7f025b97399c3c92854ec299f81a,0,0,0,0,0,1,0
0x54053ea92b9366182dbbf3e4583c8a5496bb2903,3,0,0,0,0,0,0
0x5409fcd56836e0e0459c12ab45e7ef23c6094bed,1,0,0,0,0,0,0
0x540cf76f7efaffdeef8eec75b07807353667cef7,2,0,0,0,0,0,0
0x540dc09d343835ce0aef9bc3c3007de936c72b81,0,0,0,0,0,2,0
0x541317cbeea0d862bad9bc4d330feb565e610209,0,0,1,0,0,0,0
0x54139aa6fd3a986b83b684d1a928fc79e3f35850,1,0,0,0,0,0,0
0x54186df214506ff5613196170d1bd576895193ab,0,1,0,0,0,0,0
0x541ac3dbde0712b1a121bdd5e8c506ae594a4631,0,0,1,0,0,0,0
0x541cdaae3d240aee1a79a7469c2f10b6dd98e4d7,1,0,0,0,0,0,0
0x5422b8e108c1e361863d9aabdaa72f945c213422,3,0,0,0,0,0,0
0x542a900357c9638ad6e944a57072c5d01f1c1ea7,3,0,0,0,0,0,0
0x54345d405d4f459c22954b1a233cd42bfd3a9262,1,1,0,0,0,0,0
0x5438b0938fb88a979032f45b87d2d1aeffe5cc28,1,0,0,0,0,0,0
0x543e9c99addfc7c6fa158359019fd8f530334396,4,0,0,0,0,0,0
0x544789c586ddaed07ffb23f41ca1334232cb1804,1,1,0,0,0,0,0
0x544a1abc3c932847fd1049ee55e0d0e1eeb3dc80,2,0,0,0,0,0,0
0x545123c9b719cc37d098168742ca21748adc0060,3,0,0,0,0,0,0
0x5457d6324e77de6823c5341b6703cded16422829,2,0,0,0,0,0,0
0x546e955456867a5822bb9532973f7380f1bf55a1,1,0,0,0,0,0,0
0x54794cfdbac9b9e58eb737643d9f0269ab5c8248,1,0,0,0,0,0,0
0x5487939f38ad535223a6f5441edd43fac291da31,1,0,0,0,0,0,0
0x548d32216d01617452892ea360bfce9ce8dc9729,2,0,0,0,0,2,0
0x548f7581e85b473da466ef9edbe85c5226eaa3b2,0,0,2,0,0,0,0
0x54923b4f2e4433294c70559cc94d1812793f0451,1,0,1,0,0,0,0
0x549ace5ff0c3a1881682fa06813c06884f7ee2e0,1,1,0,0,0,0,0
0x549b38e8e5fb1ba4acd4187d8b7c8a04deb53206,1,0,0,0,0,2,0
0x549baffcf15d3dd5b01d93516b4ac4c3ba205991,1,0,0,0,0,0,0
0x54a5ca46eb8830520453d417dcdfd83c1bfb5f54,0,0,0,0,0,2,0
0x54a9ed327f2614316914c3f3a782a77d0aa47aee,2,0,0,0,0,0,0
0x54ad74edeab48e09ccc43ee324f2603071dad72b,0,1,0,0,0,0,0
0x54b9eaee92a9bff63cd445a65bd19078116fe927,0,0,0,0,0,2,0
0x54c14fcb13772f6c56d09264e8fc3b050a458cdb,0,0,0,0,1,0,0
0x54c402817c437a492dce44e2ff1e82d168196c86,1,1,0,0,0,0,0
0x54c548703c6f423cf7ed22806b608d332fcebb3b,1,0,1,0,0,0,0
0x54c716c88a3eb59f41e69f15d6714616fea64ed9,0,0,0,0,0,2,0
0x54d3ad23846643b93098915001ab274ea19e5622,1,0,0,0,0,0,0
0x54d445898cbafb7cf48597e495251183207767ae,0,0,0,0,0,2,0
0x54dd71cac082ac6fcfeb727c5bbb0a07be1c5de9,1,0,0,0,0,0,0
0x54e3cd83c6b8f9ba0bab9397e9b7c8a882bcaa1d,3,0,0,0,0,0,0
0x54e529f3673eb585c1690880186eac3c4dd30b09,1,1,0,0,0,0,0
0x54e74f609988c55bf9327185508c0037b1f2e960,1,0,0,0,0,2,0
0x54edb6266aa6a242de6208dcc9f76f4dae14b9c4,0,1,0,0,0,0,0
0x54ee540b38fc6e0548172fe651927d85366c6bf7,0,0,1,0,0,0,0
0x54f0e3b0d7ccbb65e56d166350aa86f7e71ce20b,0,1,0,0,0,0,0
0x54f234b814a9114436e5a79e59b2a85a51a47983,2,0,0,0,0,0,0
0x54f61b89a0bac15c88c6bddf41573ddc1ba5bf6d,2,0,0,0,0,0,0
0x55100b6e3e1cc3018881a4a68edf229a80bac944,1,0,0,0,0,0,0
0x5510f1996e210659e135b05d6bf48d6682af23a7,2,0,0,0,0,0,0
0x5512232c8e000c206f52d40a5e7f93a20ecbce1d,1,1,0,0,0,0,0
0x5513401cb13ec32809d238ee19a84405759147cc,1,0,0,0,0,0,0
0x5515950f7bf8d6acdf4ae98c33bf996bd0ed6f6f,0,1,0,0,0,0,0
0x5515c7c8420d203a30eea9cdbf166e84ab7900c7,2,0,0,0,0,0,0
0x552b00454a23e5f118e5419cc84f82100ed1bd38,1,0,0,0,0,0,0
0x552ed8253f341fb770e8badff5a0e0ee2fd57b43,1,1,0,0,0,0,0
0x553201d6e5a47efa6a8789165f77e7bf74ced039,1,0,0,0,0,0,0
0x553b4546d26f383d4f4a056b7f50dadff07fb252,2,0,0,0,0,0,0
0x553e3e5ba03e862c93c7834b80ca800018ba4736,0,0,0,0,0,2,0
0x554045a5359aa240807ed5445bfbb5fc60ee21aa,1,0,0,0,0,0,0
0x5544138f866b9a76c7c020719a094c530bac72fe,1,0,0,0,0,0,0
0x5548003c0610a9be74eecd469db94e947601209a,1,0,0,0,0,0,0
0x554ffc77f4251a9fb3c0e3590a6a205f8d4e067d,1,0,0,0,0,0,0
0x5554e04e76533e1d14c52f05beef6c9d329e1e30,1,0,0,0,0,0,0
0x555744471e00a4bf8ec403c47e06f38db6096a02,0,0,0,0,0,2,0
0x555d371d8364cbf4deaac794133ed7ec76d22413,2,0,0,0,0,0,0
0x556241b90b4c55457a31e27eb612bdc11815d989,1,0,0,0,0,0,0
0x5562acc7749ed48ca4692a8d9d3cc25c3d8f9b2f,4,0,0,0,0,2,0
0x55654a38372617aedd583009f76e28700e48fdad,0,0,0,0,0,2,0
0x556b7a8e1e842625844de6a08669cd20523ce131,2,0,0,0,0,0,0
0x556e3cc5eaacfb87cc8ace3be0d3497abddee99c,0,1,0,0,0,0,0
0x5573cb8589a2ed0ca4029202739bfc251932201f,4,0,0,0,0,0,0
0x5575fb6f191ca376de2b36e023d1b1968d870ac9,2,1,0,0,0,0,0
0x5576250692275701efde5eeb51596e2d9460790b,0,0,0,0,0,1,0
0x557739fb7e603f0202d6a5671525eb97c7ebe609,1,0,0,0,0,0,0
0x55883c45ca6d60ae69e084acc1daece002dd11c7,2,0,0,0,0,0,0
0x55886834ca9bbca9f9e49ee188e878e094b7431c,1,1,0,0,0,0,0
0x558c62533def5e9d77a7e555490c0e2889eacf3a,1,0,0,0,0,0,0
0x55914aad05640d89448a7803a03ed0eabcbc6a22,0,0,0,0,0,2,0
0x5592a2704ba651f8af4cb6f330415f9877483ad2,1,0,0,0,0,1,0
0x559cc6564ef51bd1ad9fbe752c9455cb6fb7feb1,0,0,0,0,0,2,0
0x559cd4c08afca638b5ef6397804874f688d69cbb,0,1,0,0,0,0,0
0x55aa079e2fb0c8b68a0a08efbff3f1aa5472f1a2,1,0,0,0,0,2,0
0x55ae5792903b179915e10065e26610435832a3f7,1,0,0,0,0,2,0
0x55b0170ba39d143b26e457cec7464d56483909f0,1,0,0,0,0,0,0
0x55b7da636a3182d4cc2d5e23c965e7f8ba381d3e,3,0,0,0,0,0,0
0x55bb6e6a27d3c36bcd8566a5345bb6bdee30784a,1,1,0,0,0,0,0
0x55bec5649fbb5f5be831ee5b0f7a8a8f02b25144,1,0,0,0,0,0,0
0x55c20c9c18142926c50e9f0292d636fa35ec5497,1,1,0,0,0,0,0
0x55c30ae7a9ad5861394e971327b6bf35d147119d,3,0,0,0,0,0,0
0x55c4b50c93a5fa213078f96fbf0834cba17ebc43,4,0,0,0,0,0,0
0x55c87c2e26f66fd3642645c3f25c9e81a75ec0f4,0,1,0,0,0,0,0
0x55cb02fa505aafa776fd73464c535600bd90ec77,1,0,0,0,0,2,0
0x55dd6348b0f97ba5417cc3c3d9d98c36e14b7d44,0,1,0,0,0,0,0
0x55de1300690deac6ef1851d6dd9f6d25415cd9bd,1,0,0,0,0,0,0
0x55e539fb53394851e8c541411d31c942b14b998e,1,0,0,0,0,0,0
0x55e7f93c7746877b1e6a1a1e789a8e37b03172cb,2,0,0,0,0,0,0
0x55e8288dc4f8725e548da95fb154badb53c787ca,2,0,0,0,0,0,0
0x55f363057098fb092ba85daf92ee6eeb4074e660,3,0,0,0,0,0,0
0x55fe4eaae4c2636d1f0ae63542617564c3832edf,1,0,0,0,0,0,0
0x560431a917c5bf4f5831935a199d6516472bcff1,1,0,0,0,0,0,0
0x560da6e7f219e37a094342b3a56ea27bfa6798be,2,0,0,0,0,0,0
0x56190ef084441dfde78fe6cb9a0c5b03b108ef48,1,0,0,0,0,0,0
0x561dd423ebcaa801e04746fb411ef7404a389961,2,0,0,0,0,0,0
0x561eac93c92360949ab1f1403323e6db345cbf31,0,0,1,0,0,0,0
0x561f26b8522d1b43559f3171ccebabd6d317af4e,1,0,0,0,0,0,0
0x562858eaa3c5af1ae79e33c225aff4e1562f8cce,1,0,0,0,0,0,0
0x562f0c1d080be544b3095d02abcdb9786249a416,1,0,0,0,0,0,0
0x564a47b92be4d4070f3488112c6dd4ed757ad4c7,3,0,0,0,0,0,0
0x56609c7dcb32cbedf7c5896cbb29b227bf4ec6a1,0,0,0,0,0,2,0
0x5678bcea6d6f33f645dca8c8c9b7d8d5caf0a2b1,1,0,0,0,0,0,0
0x567b27ae0d0ea4fca292f447d819aa1b366375c4,0,0,1,0,0,0,0
0x56853ab9006e0712b05c68b586372fcdde5236b9,0,0,2,0,0,0,0
0x568a693e1094b1e51e8053b2fc642da7161603f5,1,0,0,0,0,0,0
0x568f9f32969e29b5ce1a4545be5398e8cc7c4401,0,0,0,0,0,2,0
0x569708221bc339b4391bab9127422603250fc294,2,0,0,0,0,0,0
0x569cbdcc684edcc589939cc8f6b96e6abd9eb0f3,3,0,0,0,0,0,0
0x569e19cb83086d9c32331a1b33e88123c33931e2,3,0,0,0,0,0,0
0x56a4d4e31c09558f6a1619dfb857a482b3bb2fb6,1,0,0,0,0,1,0
0x56a9a9b7de3f4a6ffe1f61319aa33b49ede13590,0,1,0,0,1,0,0
0x56aca8618b2b4240d609104f31c87183682065e0,1,0,0,0,0,0,0
0x56acc1b1d15db819a9aaf5ef420ed6af29463ff3,1,0,0,0,0,0,0
0x56b3184645c0ffe809b0ca07b0d7abc0ceef8282,1,1,0,0,0,0,0
0x56b3f7e9c10dc62fddbbb69e66806f6034095f24,1,0,0,0,0,0,0
0x56b6431f45d08eed55f34371386326c739eacbcc,1,0,0,0,0,0,0
0x56b7f2a2d6f70d88b991e6c7b8005e0a13a9b379,0,0,0,0,0,2,0
0x56ba2ee7890461f463f7be02aac3099f6d5811a8,0,0,0,0,0,2,0
0x56c26d3e5051bc0bae8d740304c8dcc16d5e1166,2,0,0,0,0,0,0
0x56c388df7f4e0947014705f7d61bdc6ebb128ad0,1,0,0,0,0,0,0
0x56c945f90c9cd1aafbcac78936f569e5fd2438bf,0,0,1,0,0,0,0
0x56c9e0b23f54fdba5ef02466eb93211ac9f2c74e,1,0,1,0,0,0,0
0x56cd53067e5acd557dbbfb4c66580dfb9722962a,0,0,0,0,0,2,0
0x56ce81f0ede8716a2f3b6349f805e0f13643c168,0,0,1,0,0,0,0
0x56d06701fd44a4a857cb96b266f505a2832950c5,0,1,0,0,0,2,0
0x56d78cbd7a724e7db379d24a0ddb113c3de12f22,0,1,0,0,0,0,0
0x56dd00a25e400498bf9510851c44836219b5cfc9,1,1,0,0,0,0,0
0x56e0dc284a913f7c1198c83f7c69bfec36d31eed,1,0,0,0,0,2,0
0x56e7f2cd7d5382506aab084a67d70e603cdb23f7,2,0,0,0,0,0,0
0x56f366e4245e459078fd70cb21d20e6e27324c36,1,0,0,0,1,0,0
0x56f57384492c0f3d746199fac7e5b848363f9148,0,1,0,0,0,0,0
0x56f7f046398e8572d79c17960673889e1f61134b,1,0,0,0,0,2,0
0x56fc1a80912e6b9629c9a9ee3790ccce2408d3c0,1,0,0,0,0,0,0
0x56ffb3c578906ba9658fccb052fc1a5672275b6a,0,0,3,0,0,0,0
0x570581a21edb40d399b6d2f407a86506c4b7d663,1,0,0,0,0,0,0
0x570c69cae086bd60a8e89d608938a02f201e3cbb,1,1,0,0,0,0,0
0x571df5a0b5571a3cc7dcbd8185b200426376845f,1,0,0,0,0,0,0
0x572154643036f421e1f3c054eb9cfa36dd9de4b2,3,0,0,0,0,0,0
0x572781e7b021d2b3f3f082b3e487234ce9fc2961,0,1,0,0,0,0,0
0x572ae9deda283833815781dfac41e21ea5f98811,3,1,0,0,0,0,0
0x572d101fe173a517e59f6ceb28efd9beea73c0ab,1,1,0,0,0,0,0
0x573647a8334b39161261f354eaf7124585b5b666,1,1,0,0,0,0,0
0x5736fae50bb0baa203c787a9dbbc323589fe4edf,2,1,0,0,0,0,0
0x573db28be1fce18fb46fbc49d23204daf7e7589c,1,0,0,0,0,0,0
0x573e869ca9355299cddb3a912d444f137ded397c,0,1,0,0,0,0,0
0x5744155b0891e09b36d871daf35c04a0f0ef4b9c,2,0,0,0,0,0,0
0x57463c652ed95146937e94f02201f127bf7e9836,2,0,0,0,0,0,0
0x574a4292c9d910b0b280f542f1f88c5389df56cf,2,1,0,0,0,0,0
0x574fb6d9d090042a04d0d12a4e87217f8303a5ca,2,0,6,0,1,2,0
0x57775c09b07896b979bb192b1b13df5a268757bd,0,0,1,0,0,0,0
0x5784bcc57a20087b3eee079ae7df4c7f8dc3127e,1,1,0,0,0,0,0
0x579fa0a1872459138aad423644c9c5038fa31807,3,0,0,0,0,2,0
0x57a00eda6b251d98b52ccdef777bfaf671c7d339,0,1,0,0,0,0,0
0x57a139c6f0a1b125c172c7690cd9a350828b7607,1,0,0,0,0,0,0
0x57ae3a491f4555e1eed37338d1b8b5222935f28a,0,0,1,0,0,1,0
0x57bcc647eb77dfe185ede00a2720443c004f298a,0,0,1,0,0,0,0
0x57bfffd48366f78e787e167419c8c05cdb849ede,0,1,0,0,0,2,0
0x57c09a8de0b0f471f8567609777addffb5c46a08,1,0,0,0,0,0,0
0x57c4b7bfb65622a8692336d4af50dea8ea89fa5b,2,0,0,0,0,0,0
0x57c555591b18cff058e6fabfc57a6b7c7f37c8e8,2,0,0,0,0,0,0
0x57cbbf9b3f6c03c1e6b3aab1152c588d05fec5bc,2,1,0,0,0,0,0
0x57cd0b2675195a34c69fe988e7f6aeafb59e6d9f,1,0,0,0,0,0,0
0x57cff17810be242bc4760c03cd5bcc6ec0879470,1,0,0,0,0,0,0
0x57d8b41c0f22c39ba2934cfb038f4460904e3fda,2,0,0,0,0,0,0
0x57db1c0f1c4c71919426c23e65be611fa9076b20,3,0,0,0,0,0,0
0x57db9d1890eb580a5ba18926a7c76f7abaa1831d,2,0,1,0,0,0,0
0x57deefef435a069d95a1523ae8955c993b2b1201,2,1,0,0,0,0,0
0x57e03e646642c81f29c947ee35ff0bf430d4ac14,1,0,0,0,0,0,0
0x57e33c7b740fc5cad7feef358c0c117c7769204b,2,1,0,0,0,0,0
0x57e75084112c081c98eee68d87d5097dd42eaadd,0,1,0,0,0,0,0
0x57f3f9c43081660e0130b3fdb54aa805d91fa00e,3,0,0,0,0,0,0
0x57fa167e4b7438a618468cca3c132fb62e280f6e,0,1,0,0,0,0,0
0x57fae64171be173cacfdf533f290f824ca92347a,1,1,0,0,0,0,0
0x57fd7a15bc5d41ef92b78218b65b251ef93da301,1,1,0,0,0,0,0
0x58002a6b6e659a16de9f02f529b10536e307b0d9,1,1,0,0,0,0,0
0x58054e51c19fa796443043418be91032b99992a3,2,0,0,0,0,0,0
0x580c1e3caca14826976b5820947f7ad486ac174d,2,0,0,0,0,0,0
0x5815182a0e30aa0ecad298c34cd905e6a854e406,1,0,0,0,0,0,0
0x5819f24d478e4630930bd97d640dd2fdabd0a4ff,0,0,1,0,0,0,0
0x581a653c16ed7ae3f3fa86b549aba090abd42e8b,1,0,0,0,0,0,0
0x581bcfbd2323ceb119b03d7e98d3086ac52e02d6,1,0,0,0,0,0,0
0x58222dd0a3d6de911b067b52c45f974d03163a4a,0,1,0,0,0,0,0
0x5822e54dbc2a20856a4740def71240c3e6f553ea,1,0,0,0,0,0,0
0x58232003b3d18021acfc9213d27d6f8b72f4f029,0,0,1,0,0,0,0
0x582b2489710a4189ad558b6958641789587fcc27,1,0,0,0,0,0,0
0x582e09ee0a6ae313f9e8e4e84491808dec0e7eda,2,1,0,0,0,0,0
0x582ff9d66130abeb8561394f8412631cb7b6095d,2,0,0,0,0,0,0
0x5833dbb0749887174b254ba4a5df747ff523a905,1,0,0,0,0,0,0
0x58350795644f6a28bf36c54db1b88ee8a723ae84,1,0,0,0,0,0,0
0x5837b08231b4b7e6909a18ac22454c907c479c07,3,0,0,0,0,0,0
0x5838f878000fe44b6f6c677bbf839e12f097c147,3,0,0,0,0,2,0
0x584a0ec8a7a3fcfed27db5c234a9062863883778,1,0,0,0,0,0,0
0x584de5a9995c33c1afa83bc67bebcd481b0a4775,0,0,1,0,0,0,0
0x5850700e214c16c73d1778b2886c01639e69faa3,1,1,0,0,0,0,0
0x58534c480ef96b6478940f9bbf6748da8f2ec935,1,1,0,0,0,0,0
0x58558971833807aca62cff89017f78465405ce11,0,0,0,0,0,2,0
0x585847041ecea75bb8bfe7f2019181978f363dae,1,0,0,0,0,0,0
0x58596d598e5435e7451c9a9ac50fe21fedc7d75c,0,1,0,0,0,0,0
0x585a5601e2d95e988dc51a12759c0ca8309f4483,4,0,0,0,0,0,0
0x585d501245bf86c92aa940310bc401a9f5af38a1,0,0,1,0,0,0,0
0x5861e9618ec3fe9c8e1d4befb8dc5466a6a9fde1,1,0,0,0,0,0,0
0x5862ae475da22367076b89a6f782ea6711eb2949,2,0,0,0,0,0,0
0x58650250b6d0e09dede2d1b0a3aa29899579f8ef,0,1,0,0,0,0,0
0x586927ff87bf40aada74afbff5e2409b865be023,1,0,0,0,0,0,0
0x5870a119fccc91a46426ed1d4f12f8384f372e93,1,0,0,0,0,0,0
0x587be3718e68f144f6dade2e50f28af95dd4be7e,1,1,0,0,0,0,0
0x5881da4527bcdc44a100f8ba2efc4039243d2c07,1,1,0,0,0,0,0
0x58849d4a250bbb9d47d6cd93c7ab39ab1e06aeda,1,0,0,0,0,0,0
0x588f4ee97a2085c95420a45684a898d4b5906ba1,0,0,0,0,0,1,0
0x5890ef4e676cd051e59a348b46e0b3e73601f34d,2,0,0,0,0,0,0
0x589fbf3d4168518b8b849b7eedfdb719407900ca,0,0,1,0,0,0,0
0x58a2263f77e1b23a74a3d99b9d01506da308800b,0,0,0,0,0,2,0
0x58a687bb4a7a4220e65f9b6f913580e5bec4a7bc,0,0,0,0,0,2,0
0x58b334f15d7c7e08287b4ae57d11f35e0c2ad497,0,0,9,0,0,0,0
0x58bd394f3dfd9bbc15f4bc662b2def3e597e4e90,0,0,2,0,0,0,0
0x58c3069023ed736f430d585003715058c2e3c671,0,0,1,0,0,0,0
0x58c37105311985775c43e8b27efabf441859dfc4,2,0,0,0,0,0,0
0x58db9e7a4afca731d824eeefa55ce37666aa3eaf,0,0,1,0,0,0,0
0x5a086708501251d2c948d767a88379f0b8d8c300,2,0,0,0,0,0,0
0x5a6d9a69408ce19df15eb40347ded3028a77fcca,0,0,2,0,1,2,0
0x5a6dcd18e7e8e7844a8cbb02390c3392e165036a,0,0,0,0,0,2,0
0x5a74f756254042b7bb797b510836cec036f48041,1,1,0,0,0,0,0
0x5a757fb240ac70dbead4f9e1508f24a91da70ee5,0,0,0,0,0,2,0
0x5a779aaeb53d2cba1755442c38dd6721c0cb31d0,0,0,1,0,0,2,0
0x5a7c35ca36e317464f52541adc3d00fe25a414d8,1,0,0,0,0,0,0
0x5a82601f0fd69ed6eb496e258fde8ca1b7b77696,3,0,0,0,0,0,0
0x5a827a78cdda15b72ecf793352604e77a856f83d,1,0,0,0,0,0,0
0x5a84969bb663fb64f6d015dcf9f622aedc796750,0,0,0,0,0,1,0
0x5a86568f9bbf7c31e30bf40f569762ca82ceb93c,1,0,0,0,0,0,0
0x5a8658de344972fc8b6b6a01cd87a64bc7420a38,0,0,0,0,0,2,0
0x5a889cba88c2c7cc67652c2de4e46fc4b9aba9ce,0,0,0,0,0,2,0
0x5a8c4342d07c90293fbb82d9b08098c8603e0947,1,1,0,0,0,0,0
0x5a8dee1f2c6894b96422a536620e389da1f84641,1,0,0,0,0,0,0
0x5a94fef3eb9c2ab0a83680136d0de092115cbc39,0,0,0,0,0,2,0
0x5a9633b76eedb38ab04733682f1f422b4ce219b5,1,0,0,0,0,0,0
0x5a9e485a792b164007c6c76d15f8fa36c19ca631,1,0,2,0,0,2,0
0x5aa24fb102c6b7b13ba353922746223348a4a8b3,2,0,0,0,0,2,0
0x5aa4769f204f0b9e8d9c852377bf90fbe5bf2aeb,1,0,0,0,0,0,0
0x5aa88d2901c68fda244f1d0584400368d2c8e739,1,0,0,0,0,2,0
0x5aa8d6de8cbf23dac734e6f904b93bd056b15b81,3,0,0,0,0,0,0
0x5aaa2182459377b6ca18b10712f9f602140764af,1,1,0,0,0,0,0
0x5ab2e3f693e6961beea08c1db8a3602fcea6b36f,1,0,0,0,0,2,0
0x5ab35ca26d56cf6a25162042daf8ab183687844c,2,1,0,0,0,0,0
0x5ab415906ac77e20618fab6ac1d56d331813f9d9,0,1,0,0,0,0,0
0x5ab6aad76a702591724b7788b0fbea6292638561,3,0,0,0,0,0,0
0x5ab793e36070f0fac928ea15826b0c1bc5365119,0,1,1,0,0,0,0
0x5ab80540efb902cd7a0daedd044779c5af3c3c81,1,0,0,0,0,0,0
0x5ab883cfde389e09c623c049939d7553f312ac43,2,0,0,0,0,2,0
0x5aba53f2ab792de10479cb51b809956c39a910b8,1,0,0,0,0,0,0
0x5abaff0b83f81dc061c590aadcba013c69237fd7,2,1,0,0,0,0,0
0x5abbe7b5e08b812f42238b367d1cc51c2555de56,1,1,0,0,0,0,0
0x5abc07d28dcc3b60a164d57e4e3981a090c5d6de,1,1,0,0,0,0,0
0x5ac0197c944c961f58bb02f3d0df58a74fdc15b6,0,0,0,0,0,2,0
0x5ac480d5dc00e433a300b29a65882c835c07e40a,1,0,0,0,0,0,0
0x5ac8359a7d38afedf7ed0d4abb283cd2654d126a,2,0,0,0,0,0,0
0x5acbe8b82bec243f420214b35ed5b6cad2055f07,0,1,0,0,0,1,0
0x5acd07353106306a6530ac4d49233271ec372963,3,1,0,0,0,0,0
0x5acd19b9c91e596b1f062f18e3d02da7ed8d1e50,1,0,0,0,0,0,0
0x5ace17f87c7391e5792a7683069a8025b83bbd85,1,0,0,0,0,2,0
0x5ad6dc0a267693c8a14ac9ff2a29c7d63a3d96c2,1,0,0,0,0,0,0
0x5ad9e100bc58e57a20cf1cae204f046006d27a27,0,1,1,0,0,0,0
0x5adce2c8e78ca9102af302eab5937f7cefb0a266,0,0,1,0,0,0,0
0x5add573f09099147dbf37db34f0c0ab3d8105188,1,1,0,0,0,0,0
0x5adf3e3ba4a8f3f4cf80f9c3bd0eea7cc562877e,1,0,0,0,0,0,0
0x5adfbdf9b6db65c71b7f44376549da6798470e1a,2,0,0,0,0,0,0
0x5ae14c0101e0a40c709340592f1f1c052ef4ab92,0,0,0,0,0,1,0
0x5ae5a356aee6cea184a757c6bddd5b0aa4d38a07,0,0,0,0,0,1,0
0x5ae8cc13f4a20524303d6f92f6fe5574be3f1703,1,0,0,0,0,0,0
0x5ae8e1d6b38a7d05508d3806ffebbd0ed580ab32,1,0,0,0,0,0,0
0x5ae96153d99dfdd7a6b471451afe0f564e10b934,0,0,0,0,0,2,0
0x5aeb706c39a76c31fa89bf726de1a6f7d6bc1a51,2,0,0,0,0,2,0
0x5aebcc44588feabb4a87076d17f3aa8c950a28e1,2,0,0,0,0,0,0
0x5af3630746975d9cbaf236d4117b08a2c7a0bd77,1,0,0,0,0,0,0
0x5af7af54e8bc34b293e356ef11fffe51d6f9ae78,2,0,2,0,0,0,0
0x5af8d53ff81a57ddf6ac4c91a5300e4641ffb8ac,0,1,0,0,0,0,0
0x5af9ec6df6edea0761fa841ce56c2e4deb000b31,1,0,3,0,0,0,0
0x5afc0b82bd845f20804e42ec049bee8e17fa9700,0,1,0,0,0,0,0
0x5affe8b1f00df6c8120f7e6bc39713fce11f24ac,3,0,0,0,0,0,0
0x5b0462bb50a0c4b051e26a01689f45f6ed0ffaab,1,0,0,0,0,0,0
0x5b0adb5a0f9e8551cb2502a0ad6307fad06121cb,0,0,0,0,0,2,0
0x5b0cf947b24434d116373677e1c41145fa4dacb5,1,0,0,0,0,0,0
0x5b0ea5b1735046b2e10ee8feb404d2d5f1e1ad4b,1,0,0,0,0,0,0
0x5b0fa053297f0ff35954531292d439a252f58919,3,0,0,0,0,0,0
0x5b15a638d1defbf055dc2d7653d5ff1bd5a9494c,3,0,0,0,0,0,0
0x5b182c02d8b17b5fb7ddec4797c7b03725150185,1,1,0,0,0,0,0
0x5b1d807e3202de4608a59ee93f98ef75c716236c,1,0,0,0,0,0,0
0x5b2028602af2693d50b4157f4acf84d632ec8208,1,0,0,0,0,2,0
0x5b202f04786e6e9c0a689b1506af229f095d2d0e,2,1,0,0,0,0,0
0x5b233cbd8930d2baef5e58e7968603e5f7e84747,0,1,0,0,0,0,0
0x5b25b78751126e3a8feffe784d4e2b456c1071a9,1,0,0,0,0,0,0
0x5b2988f2d77c38b46a753ea09a4f6bf726e07e34,1,0,0,0,0,0,0
0x5b29a6277c996b477d6632e60eef41268311ce1c,2,0,0,0,0,0,0
0x5b2d7ff7d6ee69c9b540db613ed484060b70e905,0,1,0,0,0,0,0
0x5b2db92a43aa86fff2d9a3696a7ee264d03fc907,0,1,0,0,0,0,0
0x5b2ff75d7eaa47db475707dae12a688102ef4290,3,0,0,0,0,0,0
0x5b366f606dab2a1e221da2588f62bfe454760e78,1,0,0,0,0,0,0
0x5b36ca95ed4145a608b9f474f81f3c345dc6599f,1,0,0,0,0,0,0
0x5b378142b52d17883dad36afdd987a85b6befd62,1,0,0,0,0,0,0
0x5b39afa22a9debd9247bf84b68a79b8736c2ba4e,3,0,0,0,0,2,0
0x5b3c6ac07f3729534b7483d31e48f15e6ce7c6e9,0,0,1,0,0,0,0
0x5b3f340e286b9a7382f50b1d98ef7cb073660ab9,3,0,0,0,0,0,0
0x5b43d6ac79bc4b89ca1f9cfd5b76f7355aae2781,1,0,0,0,0,0,0
0x5b463c4e19358b4eaf010cf24244bf140541a63e,3,0,0,0,0,0,0
0x5b47180e5f07fb5e10f86761df0c34ce952c6974,0,0,1,0,0,0,0
0x5b4bc61c5231312a7bc380eb2dd6c67e03c98b39,2,0,0,0,0,0,0
0x5b527c8cc72ea4b8681e44754be6248b107c5229,2,0,0,0,0,0,0
0x5b53f9755f82439cba66007ec7073c59e0da4a7d,1,1,0,0,0,0,0
0x5b54240612a83d34e89c141fd2f8d399349a9490,0,1,0,0,0,0,0
0x5b566b473bb0ea8dc0fc6047dd623e5fa3b42307,1,1,1,0,0,2,0
0x5b5a39a9a08725aca0f699e5cc9f6e81f95ff6d8,0,0,1,0,0,2,0
0x5b5b518d5eaaa14f790ba9b59a9a586c3a784d2f,2,0,0,0,0,2,0
0x5b5bfd08a735b614322bf4d02ffe9972a6db7c29,1,0,0,0,0,0,0
0x5b5d0fbbd75d4501e5cdc854c445fb0eabcb0afc,2,0,0,0,0,0,0
0x5b5d8a8a732a3c73ff0fb6980880ef399ecaf72e,0,1,0,0,0,1,0
0x5b60414447a58a9ac5e28fd695f1e23874103ef0,2,0,0,0,0,0,0
0x5b60ad56ec892e83ee61c61022c341b9b0ef7168,2,0,0,0,0,0,0
0x5b614e4f17a1938da6248d116cc32f4f17c35f99,3,0,0,0,0,0,0
0x5b63b8d11ce8e45894b66f876dca321b8a735da2,2,0,0,0,0,0,0
0x5b6696ed1e4e74c2a73a3f27186ab315f4fa55d8,1,0,0,0,0,0,0
0x5b6733298538a0b74c8603963ad14ce48f8c30b1,1,0,0,0,0,0,0
0x5b7093fe2491dfb058c94bcd62a1cd4d822f884c,0,0,0,0,0,2,0
0x5b72cae52d7d4cda632595574fcefdea3ae37143,2,0,0,0,0,0,0
0x5b73ace97f78025a8065cda1ef154892b31e8026,2,1,0,0,0,0,0
0x5b755b2130dab47636222ea33695c62bb54dc85d,2,1,0,0,0,0,0
0x5b75eb7153e7953cd30db58b281890075302df4f,2,1,0,0,0,0,0
0x5b7cfbee45509b89417f26bbc28a8de11bca3726,2,1,0,0,0,0,0
0x5b7e1eb8623e7d71572254b92dff0c5ac5d21950,0,0,1,0,0,0,0
0x5b82f83eeb171f829e5ca6d2c6205cd22ce7b821,0,0,1,0,0,0,0
0x5b86a33f0c232fe909eb4602a9d039072869d915,2,0,0,0,0,0,0
0x5b8ad60798ec10ad36e52625ff881801240c491a,1,0,0,0,0,0,0
0x5b8aeecf9958a76054dae8bdc98b44ff9007d4ef,2,0,0,0,0,2,0
0x5ba2948083538208fca28de380b93cffb3b75fe0,2,0,0,0,1,0,0
0x5ba983231b4bb509f0f25e97fa22e20d71c5d44c,2,0,0,0,0,0,0
0x5bb52e85c21ca3df3c71da6d03be19cff89e7cf9,2,0,0,0,0,2,0
0x5bb5fbae51b4db016abc94fbb1bfff5a67f123e7,1,0,0,0,0,0,0
0x5bc09a82235348850ef480bb00aae3662c914945,1,1,0,0,0,0,0
0x5bc6a25063a8641ba95546ddbac3180791fc3ba0,2,1,0,0,0,0,0
0x5bcb231f86da1f5c0daa38912469a0c569061967,1,0,0,0,0,0,0
0x5bcbb71ef20825120774e35cba72f1a15a9d27ba,1,0,0,0,0,2,0
0x5bcff9bf8cdaa9df4fec7fb1bd9a51cf99ac57ac,2,1,0,0,1,2,0
0x5bd4b6ab074ede76baa2aec49dcf9edb89a90dcf,0,0,0,0,0,1,0
0x5bd574410f3a2da202babba1609330db02ad64c2,1,0,0,0,0,0,0
0x5bd7b9cd17cee4d2fae01d9695e83098cf409488,1,0,0,0,0,0,0
0x5bd7fb9b29320ed7a12fcf8fd81e6250b5d2ecdc,0,0,1,0,0,0,0
0x5bd8a1298c2266f75a304581cc0d1e81f3f2a4fc,4,0,0,0,0,0,0
0x5bdddfce3baac9d4a8e1dd9f01cf35bac4d48370,2,1,0,0,0,0,0
0x5be26e5d10f94cf2af7d09ee30f961c8bb6e64f6,0,1,0,0,0,0,0
0x5be7d692a8adc3dff8296f5f316a736b02dcef24,2,0,0,0,0,0,0
0x5bebe019316864418f92ce9d2ba65da70bb47374,1,0,0,0,0,0,0
0x5bedf488d29407bc08e77cd9ee292c2041a61c8c,1,0,0,0,0,0,0
0x5bf2390a68ab7db7d27ae81894c4e22e669af236,0,1,0,0,0,0,0
0x5bf5436b367de54860d1b0be31203349a4d5caa7,0,0,0,0,0,2,0
0x5bf79762869f3af9dd1c9385e59d35be5b32cc8d,1,0,0,0,0,0,0
0x5bf81303cfcaf70cc12214faea3554c5a21eac89,0,0,7,0,0,0,0
0x5bfea7daa03d28585d5f5307b27bd5c2f0448fb5,1,0,0,0,0,0,0
0x5c0669c6718bf35112d4e643fe80bf7fb06dedeb,2,0,0,0,0,0,0
0x5c0915cc83755fdfbd07a73e0d92476080468212,1,0,0,0,0,0,0
0x5c0e4f2a54f1e0716ea64de7cfe83b0cf1ad417b,2,1,0,0,0,0,0
0x5c0f734916b17c38674ed5867eda22f8314672ec,1,1,0,0,0,0,0
0x5c13a9ad2601eeec34672c655d2ca994a360c4a0,2,0,0,0,0,0,0
0x5c15d6ac5db1a093ad57c383ffe11bde48b8241e,0,1,0,0,0,2,0
0x5c20ee8a57ba6975bf1292ebe28405b70b908bf9,1,0,0,0,0,0,0
0x5c227eb319c24249df66d0c5879515aa59787471,2,0,0,0,0,0,0
0x5c250ff9b993c6991cc4a3cc543716e53b478018,1,1,0,0,0,0,0
0x5c25bab9b4ab4c6ede1d7092f2f1bf92287d10bc,2,0,0,0,0,0,0
0x5c26e6b2d1506e4e08039d4e1934cf425c611f63,0,1,0,0,0,0,0
0x5c28d0683be8143e5ecdd5fd0b39d702d98b1bb9,0,0,1,0,0,0,0
0x5c2978a171033a19c1a455c84875f3609dab0a7e,0,0,1,0,0,2,0
0x5c2f940281e735ca3496d8138be12d18023dce9f,1,1,0,0,0,0,0
0x5c3536c7cd64c3bcb6ea01c00c2919bcd5053aba,0,0,0,0,0,2,0
0x5c3d0012ff81bb9a19d13f8e512d3e72843f0848,1,0,0,0,0,0,0
0x5c404f7f092ebb744a006dffa597285ec3df465d,2,1,0,0,0,0,0
0x5c493a221ae9b49c3e45f2df8a3b34223855c1f4,1,1,0,0,0,0,0
0x5c4e3dbca1dea91d26ace342dbe9e3ad7e5d3ccf,2,0,0,0,0,0,0
0x5c4ed202f136c45509b390b100fae4fddb3c9957,2,1,0,0,0,0,0
0x5c508f6bdcde0c809a28fa58e61e280500da4677,1,0,0,0,0,0,0
0x5c529eda84ef12dba15aa1a12fefafeb8dee4ea7,0,0,0,0,0,2,0
0x5c531ca3f21acc08ff6151e2d99d84acb632dfcd,3,1,0,0,0,0,0
0x5c543e7ae0a1104f78406c340e9c64fd9fce5170,1,0,0,0,0,0,0
0x5c5887e55bbe41472acdba5fae989788c6f7ab59,1,1,0,0,0,0,0
0x5c591aaa5b18d6411b01c9e6862b155f0433a6c2,3,0,0,0,0,0,0
0x5c5abd9c0f1c9b7305334944f47caa4b32703eef,3,0,0,0,0,0,0
0x5c5ddfe49572287c6cb44b99c5daec0dbd7b84f5,1,0,1,0,0,0,0
0x5c6183d10a00cd747a6dbb5f658ad514383e9419,2,0,0,0,0,0,0
0x5c62da804298d5972a323c80b539b8e7517a0dde,3,0,0,0,0,0,0
0x5c65a8e333e5b0a932704bee2f28fdcc49d1e837,1,0,0,0,0,0,0
0x5c65f3a641b0df7feb30e5b9d24f097c2dca7f40,5,0,0,0,0,0,0
0x5c6a2ece543d3038f98cea1a2a5f0759fbceb8b1,1,0,0,0,0,0,0
0x5c6d8bb345f4299c76f24fc771ef04dd160c4d36,2,0,0,0,0,0,0
0x5c6ea9e7f490245d5cd94731dc6ae7a2c216741a,1,0,0,0,0,0,0
0x5c743a35e903f6c584514ec617acee0611cf44f3,3,0,3,0,0,0,0
0x5c75d5edb312e5d241aca7bebe5fbf0a544ff1cd,1,0,0,0,0,0,0
0x5c7621f7afb14b9ab20fefede40b428d9b4429f2,0,0,0,0,1,0,0
0x5c7b19f83ac93d8268da02cc06cb61089d6d952a,0,1,0,0,0,0,0
0x5c7f7e79b710a7bd29d8a381621e0268c98dcf06,2,0,0,0,0,0,0
0x5c84c9dd997e16578e62c9f7557e708db05c1076,1,0,0,0,0,0,0
0x5c8546a7b86ba30202c09a84f5a72644a2a4f7ba,1,0,0,0,0,2,0
0x5c88e93b5feae72f0fbe787c7f1b96ce3f29ee6a,1,0,0,0,0,0,0
0x5c8951c94b059900d05b10d592b44c78574196c5,2,0,0,0,0,2,0
0x5c89736e9454200141b80c37eb28eaceca2ce8cb,1,1,3,0,0,0,0
0x5c8ccd8f31655cb6a34ad6401be391e2fa420310,2,0,0,0,0,0,0
0x5c8d8245e52f893de53c716c969b1526a0075070,1,0,0,0,0,0,0
0x5c8f0deb9797f63117cdc2a802140b61928c64f9,2,1,0,0,0,0,0
0x5c921ea0305206b8fe09d94f01e70a6ab4177710,2,0,0,0,0,0,0
0x5c976e71bb27538bddb0ed399be1722c6745bcb6,1,0,0,0,0,0,0
0x5ca4568d54ecfc15902a425fd6ac64095a9a51a3,0,0,1,0,0,0,0
0x5ca7099611020d9234c7191c7b066779128e715c,0,0,0,0,0,2,0
0x5ca9a71b1d01849c0a95490cc00559717fcf0d1d,2,0,0,0,0,0,0
0x5caa790ee0586c78db45da6e37409315d1712f3e,1,0,0,0,0,0,0
0x5caae332dd0a17827052de681f6f2155e00394f0,1,0,0,0,1,0,0
0x5cac5ac21b93095490f736205df600fb4449aee1,1,0,0,0,0,2,0
0x5cafe6c85ea7c3b1bb62ca5254fae636ba8ae616,1,0,0,0,0,0,0
0x5cb3c3a9ea17395af39fcbd357cc568944f074ea,0,1,0,0,0,0,0
0x5cb654cdec88ee15f9e91c9b3a8cd4266f85c8f7,2,1,0,0,0,0,0
0x5cb888182fbffdb62c08fb4b5a343914f00fdfee,2,0,0,0,0,0,0
0x5cbb89b03534d82692b183882c2a2a9ff7fdeb44,2,0,0,0,0,0,0
0x5cbf1b692d921f9eccaac6364ba463b8f549f266,2,0,0,0,0,0,0
0x5cc0076a6bbf43344a7923c5cca40f5bdff2970e,2,1,0,0,0,0,0
0x64b09d1a4b01db659fc36b72de0361f2c6c521b1,2,0,0,0,0,2,0
0x64b0dd2191622a9fc2300cf467fde6e329605042,0,1,0,0,0,0,0
0x64b103aee34d1fa22fb4c45c4be105cbe1c4a179,2,0,0,0,0,0,0
0x64b18dc61a96a078de021971e52c4e6d7851997b,0,1,0,0,0,0,0
0x64bb42f7012cbfef9e036dd8929cbc9d61c7c3ca,0,1,0,0,0,2,0
0x64bfbfa5aedd9622f627e3ddeadb634eb96a6fed,3,0,0,0,0,0,0
0x64bfc90b31e508e8d0a0c35b848a9beb2ba278c7,1,0,0,0,0,0,0
0x64c289c22fd7ec36a766cc7c0b6b60c73baf9b48,1,0,0,0,0,0,0
0x64c36b4cec69ee9041b48b950dfd0fc59a849f68,1,0,0,0,1,0,0
0x64c42243a1aa978a4fe69f8c5a60e9d7c0a12405,1,1,0,0,0,0,0
0x64cfc7428621b2b118896670c0b4d52ab020ee6a,0,0,1,0,0,0,0
0x64d11a4cf5d1450c120f19396f23c8862f373a9b,0,0,0,0,0,2,0
0x64d30c2e9715f0add2815f862eaf22d9dbc1bd28,3,0,0,0,0,2,0
0x64d581770b541b5609140232fc12f47bbe0fe6bc,1,0,0,0,2,2,0
0x64d5e7be2e92d4436ba9c4a630491cb268764103,2,0,0,0,0,0,0
0x64db5062c388e90448556b81354d14c6eb0ae9c8,0,0,1,0,0,0,0
0x64dc9025558564cbb23bed0f4d46decb1864465b,2,1,0,0,0,0,0
0x64e643abd9e1235a7fa76820aa3ca61a80c0161c,1,1,0,0,0,0,0
0x64e65d352f6a2949463b3a7595911b61bbafc63e,4,0,0,0,0,0,0
0x64e8799f3acee96e884c7213496dc7b549e68454,2,0,0,0,0,0,0
0x64e99085fca7f908e1de0db94dae7449b90e97a5,1,0,0,0,0,0,0
0x64edfafd34d1ff0866449413eb0bf5794f8bc8d1,2,0,0,0,0,0,0
0x64ef6612a67de3fa96accb645ae46a3c09227928,0,0,0,0,0,1,0
0x64fac631db32d70d77e0b759f9a27e1f6b9e9f6f,2,0,0,0,0,0,0
0x6500a4f6706f8692b6dd0b71dd86070b02a8e08b,1,0,0,0,0,0,0
0x65061cfa23aa566316b0215c9eecabeafd4d9e81,0,0,1,0,0,0,0
0x650734bfd0465b7c6cd2932ea555e721308fd0b3,0,0,0,0,0,2,0
0x65140d4358bf4eabdaf7175dfc0eaae0d005c075,1,0,0,0,0,0,0
0x6515dd4d7102883fab9f473b1aeb82dbe10a7d5a,1,0,0,0,0,2,0
0x65171746deb1d6eee256455f77c350eceda34ae2,0,0,0,0,0,2,0
0x651a824c225e60c1901ec6018a685aa38d82f23c,2,0,0,0,0,0,0
0x652016236932b3d6f53e55be2012e0f588eb068f,0,1,0,0,0,0,0
0x65244ee745288952f347d82ba69690fa9a9843c0,1,0,0,0,0,0,0
0x652729577d5c5a13060f81c256aa79adb264f188,0,1,0,0,0,0,0
0x65292eeadf1426cd2df1c4793a3d7519f253913b,1,0,0,0,0,0,0
0x652c7e43e82e6b45fc6265c02174cf1a91339b5b,2,0,0,0,0,0,0
0x652e54b59c565b2f75f15855b97aacfead243b02,3,0,0,0,0,0,0
0x6530a7731c02bdc1bc2237ebf4c1a91fe6cd89aa,1,0,0,0,0,0,0
0x6533a80a69ce77e66b64a4adf9f03554e09e8e90,1,1,0,0,0,0,0
0x6533c4f570442720cba141f23a0901a5cbe9bcac,1,0,0,0,0,0,0
0x6543cde961213e82001594bf4c34706579ce34ec,1,0,1,0,0,4,0
0x6545c4ef4b6516ebb68b99f2ddb2221aa6c17afb,1,0,0,0,0,0,0
0x65484ce6201436ef85d09f8aa89a251f5e52ad8c,1,0,0,0,0,0,0
0x65491e583965edefd44c9c272ade17a3fd8e5877,0,1,0,0,0,0,0
0x654cdd809f86d1414fcb5563b383dbeccfb8b995,3,0,0,0,0,0,0
0x654dddc32f6734a33b9cea0901c47f9a00336c1e,1,0,0,0,0,0,0
0x65520a06ca242c29657ccd36665ba51d227a1d14,3,0,0,0,0,0,0
0x6552b02716bc7400fd97e5cab13e43607b5e63c3,1,0,0,0,0,0,0
0x6558c1717045668ab8b671831f132558272a861d,3,0,0,0,0,0,0
0x655f01313bb55c04e8ed36a5098984f3f3de57bc,1,0,0,0,0,0,0
0x655f1cb6616d7f0550007498113e72d7d5c5d4bb,2,0,6,0,0,0,0
0x655f4304ecd29a56783e52c2ead656b74b29d704,2,0,0,0,0,0,0
0x656038e97cee7c095673f7b9fad695b323a6f098,1,0,0,0,0,0,0
0x6560c60f55c165e6f819b3a52c13f9f1aa22b502,4,1,0,0,0,0,0
0x6561fe4825007c85ad1517df7a79c83cc9f10c65,1,0,0,0,0,0,0
0x65656caa6e00b95081ae0b91614f8cec6c8edc83,0,1,0,0,0,0,0
0x656610729fc13e8283d96aa69cdf56c112222951,3,0,0,0,0,0,0
0x6567751ec2b2d2566456bea3fd3090045cb0c865,4,0,0,0,0,0,0
0x656b97bc512ef14799918a5342d5c62b3d0e2569,1,1,0,0,0,0,0
0x65719c47fd2a6c1eb9cf24be619291a0e9341ad5,1,0,0,0,0,0,0
0x6571ec4474893799454da4900b225e82249dcc30,1,0,0,0,0,0,0
0x65731ac534bc0d3fdf3f4bdd2b09cf05044920bc,1,0,0,0,0,0,0
0x6576963107077cce5ec879978c03ec6bb300cc89,1,0,0,0,0,0,0
0x657ccd6a9816a49da1bce76ff5245de29ce73807,1,0,0,0,0,0,0
0x657dad8d4620dbdbeb366fb19bb95532b13dcc07,1,0,0,0,0,0,0
0x6580c6a7bb02981d403d25eeb95f45c331a6bf76,0,1,0,0,0,0,0
0x65811ddbca75ea040b89777bd5747549b77d1097,2,0,0,0,0,0,0
0x65815700c9c4b382a6e8ae09f8fe9458af0b4f8a,1,1,0,0,0,0,0
0x65832facdc1eefbcfaf50f570228ba886f745681,2,1,0,0,0,0,0
0x65844f2e98495b6c8780f689c5d13bb7f4975d65,0,1,0,0,0,0,0
0x658b3573f8222c2d792ff1199933a88680b12973,1,0,0,0,0,2,0
0x658d45e88e62ac0efcbdf5ddf222b1bb51015851,1,0,0,0,0,0,0
0x658d9424da329087a60868957f9b1d1edd1d6f34,0,0,0,0,1,0,0
0x658fcbed32979cfbe6cd99da69dff23884cc0455,3,1,0,0,0,0,0
0x659338df9010de4dadb0bc33d6485d33b2155b06,1,1,0,0,0,0,0
0x6593a7140f3718efff638b72a9b6083db47ce0d2,0,1,9,0,0,0,0
0x659635905891a08f23d2cc7e000bc452ea5ee074,4,0,0,0,0,0,0
0x67d9be79f2f13b7d3c9684d3782bc646f5ba6d63,0,0,0,0,0,2,0
0x680ec9492d8372662dd439294bff2bd373e96309,2,0,0,0,0,1,0
0x68fcb1f0d07000a84b569ccb647dd8fe320cddaa,1,1,0,0,0,0,0
0x68fcc99a8cf6dee27dcbbf5ce8ab15f24c706da4,2,0,0,0,0,0,0
0x68fd0ec88a200c926e0f8aef306af64b7cdb2c42,0,1,0,0,0,0,0
0x692b856117039d424cfac420f93ab2451f3c9eb5,0,0,0,0,0,1,0
0x6938f6265a5a4e6e25ff4a8b0e2dadb6574521fb,0,1,1,0,0,0,0
0x693e3857aa48bb2902fd12f724dc095622e61afc,2,1,0,0,0,0,0
0x693e54d12b994bc90093486ba05389f9a4ba0ca5,1,1,0,0,0,0,0
0x693f915802b6f2bf47e97bf28ac118042278c9fa,1,0,0,0,0,0,0
0x6947335452cb7a452fc337c28cb0d597806c7672,1,0,0,0,0,2,0
0x696be206174bea69e7a00b4deb1c6fddfa4786c9,2,1,0,0,0,0,0
0x69702f972b13fe659184a950740825c7ea74ea4d,1,0,0,0,0,0,0
0x698674f7537ea6194caa4eb4b9129cd3c395ada8,1,1,0,0,0,0,0
0x69875fbeb23cfd52e7e7c23929c4f50a4fc377c3,1,0,0,0,0,0,0
0x699a27f71bf580b94b4aeec09b54e264b67f5cce,0,1,0,0,0,0,0
0x69aaeed694cc5ca303406d2fe055099edf88723f,1,0,0,0,0,2,0
0x69b3d13bb1d2542c85f0dfc6cba4c0ba8d919ec6,2,0,0,0,0,0,0
0x69b794ec295d665fc527230523f7012eea1dc03e,0,0,1,0,0,0,0
0x69baeddcf90c95a4d81002de6a669c7b993139d4,1,0,0,0,0,0,0
0x69ceaea78e28d62bc1ac68491d77f6a761edce01,1,0,1,0,0,0,0
0x69d2779533a4d2c780639713558b2cc98c46a9b7,0,1,0,0,0,0,0
0x69d94dc74dcdccbadec877454a40341ecac34a7c,1,0,0,0,0,0,0
0x69e1e36d795f72fe02638d749bffe2af2f64a20e,1,0,0,0,0,0,0
0x69e2fd0eee79de19edd07f2b5849b40134cb1f53,0,1,0,0,0,0,0
0x6a00a6cd60733c483070aa5e7d835fa81fe5b10a,1,0,0,0,0,0,0
0x6a0a97e47d15aad1d132a1ac79a480e3f2079063,0,1,0,0,0,2,0
0x6a0d52e162fa1994f25fef0cdc0a3c52efad3e6d,1,1,0,0,0,0,0
0x6a25216f75d7ee83d06e5fc6b96bcd52233bc69b,0,0,1,0,0,0,0
0x6a2b112e5314a3462a3df18c0b73a2de14fd6b06,2,1,5,0,0,2,0
0x6a33c2c807124eae26f6188877c15675d3889ca3,2,0,0,0,0,0,0
0x6a3cfb5aeefb9138a28b28f3852a8fee81216df3,0,0,0,0,0,2,0
0x6a3f85f8a86e7b3de0269c20e9ab066dd57b8e21,0,0,1,0,0,0,0
0x6a40f8b2c7e6eb5bacbd52bc055e230d00168669,1,0,0,0,0,0,0
0x6a41250a0f864cb9f53d043cb961091514a7b06b,0,1,0,0,0,0,0
0x6a435b5207c4eb8189046e5929f282de55769e34,0,0,0,0,0,2,0
0x6a47296deae50b8cde16aebd5de8c82231c711d6,1,0,0,0,0,2,0
0x6a5e59fbaea3e07737fbafceb600cbde5a295f24,0,0,0,0,0,2,0
0x6a670d25dfb62f5d24c33de9092c38e4123c3dcd,2,0,0,0,0,0,0
0x6a6c47401f8c40e3bc7982bcd1d2df33a9e633cb,2,1,0,0,0,0,0
0x6a7584cd753183d6722e977fc14bc715b32e9924,0,1,0,0,0,0,0
0x6a7b0eb4684a85ae792dcd90f743e0813bb80977,2,0,0,0,0,0,0
0x6aa27b3a8aab51745b7eaf53e61aba833b0f9400,2,1,0,0,0,0,0
0x6ab4c5563213ea49d3475d8b53f6fec918871d90,1,0,0,0,0,0,0
0x6abf810730a342add1374e11f3e97500ee774d1f,2,0,0,0,0,0,0
0x6ac544849414fbafdc0adba7c77bbd73a7d36ac1,1,1,0,0,0,0,0
0x6ace03f517ae15f1a8d1b6811d23f7aa8c295be0,0,0,0,0,0,2,0
0x6adf9e666e3e85876b1ba25edb31799faad8417b,0,0,0,0,0,2,0
0x6aeb95f06cda84ca345c2de0f3b7f96923a44f4c,1,0,0,0,0,0,0
0x6b0611c65b53e72429d799ed512d0da123ac0fb9,1,1,0,0,0,0,0
0x6b0a768e6a4c3ca41417c8eabdeef36dcadba25d,0,0,1,0,0,0,0
0x6b0d7b8357bb851de9f1953199c39c7bc4675796,2,0,0,0,0,0,0
0x6b0f6038c7c2d9e9ed89a87c1f100579fbe46373,1,1,0,0,0,0,0
0x6b106609bbea6f4c9ace8836aa3fb04c6b586c4e,0,0,0,0,0,2,0
0x6b18b3808fd9c4401af4839b6aa2971aae7a8aad,1,0,0,0,0,0,0
0x6b193e107a773967bd821bcf8218f3548cfa2503,2,1,0,0,0,0,0
0x6b1a9687fb4276a43b608a3feff8303f6ec6015c,0,1,0,0,0,0,0
0x6b1dce414d998a28bd90f201a87f8e1bbf2f0aad,1,0,0,0,0,2,0
0x6b27bfd273ec79a64a62b4b3a18a89045c2389b1,1,0,0,0,0,0,0
0x6b293d3e843d68da3400b3f39aa3e59274feeb73,2,0,0,0,0,0,0
0x6b31a898f7e711b323a6212eac4ae250e0d6624f,3,0,0,0,0,2,0
0x6b31d68c23c27f04d813aa1cb8ac436dc0432971,2,0,0,0,0,0,0
0x6b330373eafc16f295030a294ef639638fe3e369,0,1,0,0,0,0,0
0x6b3a7e99e399df2efc5f48b55af120283ffc888d,1,0,0,0,0,0,0
0x6b3add2227ac41403c93674185b32ff9e8bc3a43,1,0,0,0,0,0,0
0x6b3b198577e9a1e96ef681ee60e551845dd4ea79,1,0,0,0,0,0,0
0x6b3da034ebad473acb93729a7152c672cc0dc6cd,1,0,0,0,0,0,0
0x6b3f9f54e2a684ea28365af5f3dd6d714df4328b,2,0,0,0,0,0,0
0x6b41a01f7d1cd1cf3e8d59062501baea649baecd,0,1,0,0,0,0,0
0x6b48e85af1a9bea945bc88bb3eda7d07670f1b08,2,1,0,0,0,0,0
0x6b4df2aa3d64d8dc06120ef4391513e4170af4a7,1,0,8,0,0,0,0
0x6b591cc0a24aa65edabd4ebf14bcf66d12ab8245,1,0,0,0,0,0,0
0x6b5ae67ee604f10e6429d74533ac15a57fa14572,1,1,0,0,0,0,0
0x6b5d69ef0f14ae4a96f6ba31a72b9a07ec1cd74e,4,0,0,0,0,0,0
0x6b5f8cb3f5bd108d8004a38b54dc6d19a11e6a82,3,0,0,0,0,0,0
0x6b6073fb17858f40885fb3af5bdb17e3609109fa,1,0,1,0,0,0,0
0x6b609d9095d069c805650234ab67595b3a6ab934,1,1,0,0,0,0,0
0x6b6130ed3d3e50db4e550638ab887c53287d41b7,1,0,0,0,0,0,0
0x6b6196fdb62faed24a17dc8e2f16ab0a77d529cf,2,0,0,0,0,0,0
0x6b62f10b1d042d3ed601899ca25f80f9dbc92644,0,0,1,0,0,2,0
0x6b63ea3612dde97082aab468157950f927618d31,4,0,0,0,0,0,0
0x6b683581e66524639cb9444000a7c8b5e10a1a07,1,0,0,0,0,0,0
0x6b6d1a8858893c3e228f335726e1417a35832f76,3,0,0,0,0,0,0
0x6b7290527ab68d72158cecaef27b0db6238b6fc5,1,0,0,0,0,0,0
0x6b7470bfa67566df5275365933f5984530f54a7a,1,1,0,0,0,0,0
0x6b74dd5d01f8320081247f5cf1f7a48324700db6,1,1,0,0,0,0,0
0x6b7734c5ecc51116b806e2ea6decbb3b97f4f92e,1,1,0,0,0,0,0
0x6b775965ff81583429ee39f4f6a5fb6889ab61eb,2,1,0,0,0,0,0
0x6b78d47bfd2b391f2f34f31a128487e6768ab4f6,1,0,0,0,0,0,0
0x6b87999be87358065bbde41e8a0fe0b7b1cd2514,2,1,0,0,0,0,0
0x6b8c3eaa82353ec89a96942708e3d9dc87db6a34,0,1,0,0,0,0,0
0x6b8c8bec2d3e3e583eabbb29913cc6b929cdfacc,1,0,0,0,0,0,0
0x6b8cc8bf77711aa7e2de795b883b7639587a02c2,1,0,0,0,0,0,0
0x6b905d24c2a48fabe3c43b2d9f6776c860bf3cbf,0,1,0,0,0,0,0
0x6b963f7b38980f5fbbd129fe98059eb2144076a7,1,0,0,0,0,0,0
0x6b9c8c4e246f43cac225a64aee0c50434e61d7a4,0,0,0,0,0,2,0
0x6b9d6a0bc491f2a6f57fd1eff9acbbaf8d21417b,2,0,0,0,0,0,0
0x6ba0841cd866e2d914d38f4af0643b7a982b3b51,1,0,0,0,0,0,0
0x6ba2cdf1838f95c3cebc42c0b9b94a9d0173d555,2,0,0,0,0,0,0
0x6ba2d5e4384a69df6066e1cf6c395909254910fb,2,0,0,0,0,0,0
0x6ba2fa9f8ad7b7c376210c0fb4fd311a66d98e8e,0,1,0,0,0,0,0
0x6ba91780977db9ce9100a8492de162441d875f47,1,0,0,0,0,0,0
0x6bacca3cce57a46fd0822df7c07afbf9d81d96d9,1,0,0,0,0,0,0
0x6bb7a864a695ff718c9d8330c7d2ed9293949169,1,0,0,0,0,0,0
0x6bba0e838c9b73859cb3e841a12f2a10a31689fd,0,1,0,0,0,0,0
0x6bba754d3558fc95318e61e4796e71f0ef322444,1,0,0,0,0,0,0
0x6bbb3f23c64e840a381e0615635475c56324d784,1,1,0,0,0,0,0
0x6bc2adef424c32cf1e15789f010ea16a753587ac,2,1,0,0,0,0,0
0x6bc4375083d3ad563de91cad8438f629841448a5,2,1,0,0,0,0,0
0x6bc4cd236de09d6334c428c7d59212ac8ea704f8,1,0,0,0,0,0,0
0x6bc52eeea67ba4fdcd5b65b4c619fa4cdc63f2cd,0,1,0,0,0,0,0
0x6bc75b998c913b30b0af63cab8806f265b040307,1,1,0,0,0,0,0
0x6bcfcc7035dbe589e9c0c91260772630ce92f25b,1,0,0,0,0,0,0
0x6bd26bb09c992e09d2156b48f723e56e52eead9c,0,1,0,0,0,2,0
0x6bd33d49d48f76abcd96652e5347e398aa3fda96,1,1,1,0,0,2,0
0x6bdf5c34253417f1d1210a22e099a7a71f97efe0,1,1,0,0,0,0,0
0x6be5744e45292144d6814ffbedcb6aad1bb287e4,2,0,0,0,0,0,0
0x6be66252c14915e2a4f7e9621bc17365c4f35244,2,1,0,0,0,0,0
0x6be77ce77d6ea0d3f5261c9a40004e433fc57c45,1,0,0,0,0,0,0
0x6be98275cb30e4d64ebe6be942cd87268dfea3a5,2,1,0,0,0,0,0
0x6be9ad54d8ad5510d61690a7bd3823d0790c71b6,1,0,0,0,0,0,0
0x6be9dbfca46651a6a2726b4b695edfb1cf0fbfb0,1,0,0,0,0,0,0
0x6bec76a319d3b97523f50137ba20ec63746ac49a,0,0,0,0,0,1,0
0x6bef7336e8176ce577d32a4ffc8c7e87b726d4a3,2,1,0,0,0,0,0
0x6bf083f0013de073fc9cc69c7d666c5431f69e77,2,1,0,0,0,0,0
0x6bf720935b583ade1b29e2f531492e2c2d3cb58b,2,0,0,0,0,0,0
0x6bf91fa5472b5a28278b5027e9120c78f1df4127,1,0,0,0,0,0,0
0x6bfa4c3c887fdc965bda1f09ff65fbf1f3d8b58d,0,0,1,0,0,0,0
0x6bfe93d41c21dc9b72ac5785c12aa400bf205b31,0,0,0,0,0,2,0
0x6bff83c6d87b1adff6679c75abac82fe7c38d7cf,1,0,0,0,0,0,0
0x6c00afe8618feb85095b2c4c3c27441b22db2d12,1,0,0,0,0,0,0
0x6c0954c1885b5267f0d05be42a8c063bde2f9219,0,1,0,0,0,0,0
0x6c0f03411ab250f0a080a4420190b821affd4602,2,1,0,0,0,0,0
0x6c17472a51c3d32a7f216d1622b212d42f53056d,0,0,0,0,0,2,0
0x6c18e0cb293f534b99cfb9ccaeb7098c857e11a9,0,0,1,0,0,0,0
0x6c1a692ea7c92ae76cbfdda122830698c950f0ff,1,0,0,0,0,0,0
0x6c1bcb34142bffd35f57db626e0ac427af616a4d,2,0,0,0,0,2,0
0x6c21aa45fdf7175f2d87a07726e7f198b952866c,1,1,0,0,0,0,0
0x6c221dea36d48512947bde8aeb58811db50dbf6f,0,1,0,0,0,2,0
0x6c2434014d06f8d5955a60d9d5221b45665c4746,1,1,0,0,0,0,0
0x6c24a2934a0255c4dce7ae619ed2b285f06477a0,1,1,0,0,0,0,0
0x6c260ec95defb8cc821636d4241554b0d55850cb,1,1,0,0,0,0,0
0x6c26dab04c8f2bb07e60f205118e36850fe90981,1,1,1,0,0,2,0
0x6c2890058246e18e186ae4229f697eedd647f118,1,0,0,0,0,0,0
0x6c29b601a00798d9f13d9959f6d156be5032168e,2,0,0,0,0,0,0
0x6c2fa6691b237c9e453926d8d484d4c5ab635db5,1,0,1,0,0,1,0
0x6c37dbcc3e4973731d7f4eddb1ab46e479e3e3bc,0,1,0,0,0,0,0
0x6c3be406174349cfa4501654313d97e6a31072e1,2,0,0,0,0,0,0
0x6c3d74c06f5b41ee0427504a4c9abb78db7e1ef6,2,0,0,0,0,0,0
0x6c3f8dafc614075f627a8ff34cc605e1a1fa6d52,1,0,0,0,0,0,0
0x6c44134ab77bd7b90907d2b9745c628caae077d6,2,0,0,0,0,0,0
0x6c46b734d5a94b10929ac4e88f22cc56145bc65c,1,0,0,0,0,0,0
0x6c49802f7a55e22c2cd689c97b9ee6341d73d153,2,0,0,0,0,0,0
0x6c4de8424a6184c830234b996f7dba9720dc9306,2,0,0,0,0,0,0
0x6c4fe5b5b3f8a60fd5d036940afef65c73e4d2ae,0,0,0,0,0,2,0
0x6c558a4976e751391fb73dd61fa6a72c318d80b5,1,1,0,0,0,0,0
0x6c5607c25121c8a1070311c85ae5f474b0d5f642,1,0,0,0,0,0,0
0x6c5be5501b9c792637f3fe45ef991ce120296ef7,2,1,0,0,0,0,0
0x6c5d62c394358734bf79607ccab489483533a62a,1,0,0,0,0,0,0
0x6c602f1798a453f90f249e208e2b64c7c09226f7,0,0,3,0,0,2,0
0x6c605dafbb54c2bc2cbc8446b645a9835ed56cce,3,0,0,0,0,0,0
0x6c61f6343b7420e142fb05f8b86afed3179eb0f0,1,0,0,0,0,0,0
0x6c6b3fd123d575cbeb1670a1fcc9c8fd603357a3,1,0,0,0,0,0,0
0x6c6ca7c005082ce9688e2264ef32670ab895fdc2,0,0,1,0,0,0,0
0x6c6d6e2971a85d3d3a1353ee15a08fb7c819ed8b,1,0,0,0,0,0,0
0x6c6d899cddd3b6c7448026c0c5e47376e3a309b5,0,1,0,0,0,0,0
0x6c70879f56427b8c511e196c44ff05333a533987,3,0,0,0,0,0,0
0x6c72582241de57e6fd501a99d85c650924039a50,1,0,0,0,0,0,0
0x6c764fac2ed1c5fabf8bcd86bae68d8cdbe8290e,0,0,3,0,0,0,0
0x6c780af4877ca70c68114ddbd8fc7134868fd053,1,1,0,0,0,0,0
0x6c79b4ed1cfe6ae97e6a8f117138cb583638954f,1,0,0,0,0,0,0
0x6c7b8567ba72eed3be310a99a283cadec2b34035,2,1,0,0,0,0,0
0x6c827d03d3e46301746fe722be69442908b79fe7,1,0,0,0,0,0,0
0x6c832ea5f68bdddd9f2bcba771b46821f5f51a64,4,0,0,0,0,0,0
0x6c851b25b4c257f9344f67aedbd7069826d9a49f,1,0,0,0,0,0,0
0x6c91c0104677d08cded353b1459b68415f278c38,1,0,0,0,0,0,0
0x6c940a8d477922f1cffe012449321098e06db3f7,1,0,0,0,0,2,0
0x6c9e70d6682ea36ff340153d574b2c523671b107,0,0,0,0,0,1,0
0x6c9ece80505a55c4fc373900994800340a5e2e14,1,0,0,0,0,0,0
0x6c9ff3fcbd9b84049c6bf97e75b4e1467d290b1e,1,1,0,0,0,0,0
0x6ca26152df86c13f9830ec3701e8e96d51ee833f,1,1,0,0,0,0,0
0x6ca935e5c66bcd9ed690e80e2fecee2452e00172,0,1,0,0,0,0,0
0x6cabf1b590ee8daa30a1c76ff5dd21284d8681d8,1,0,0,0,0,0,0
0x6cae97b141f1b672df59da07fe3ea957936afe38,0,0,0,0,1,0,0
0x6cb1c2b61e24ad08bf5fff4d2b13ea987d211a88,2,0,0,0,0,0,0
0x6cb262679c522c4f0834041a6248e8feb35f0337,1,0,0,0,0,0,0
0x6cb2b8dc6a508c9a21db9683d1a729715969a6ee,0,0,0,0,0,2,0
0x6cb816569ab4665bdc2ba78a64aff87201608bc6,1,0,0,0,0,0,0
0x6cb9c5abf310b42893adff0b1f38322eea109c98,2,1,0,0,0,0,0
0x6cb9c98e8e6ab46790b088d29a881008675c23eb,1,0,0,0,0,0,0
0x6cbadb622d30a8c998c907911a9b160e735348fc,1,1,0,0,0,0,0
0x6cbb5b731a6b0e03551e24b8a02e101d293e418e,2,0,0,0,0,0,0
0x6cbc1a135d3c9a835d523aae9e4723b9b776fc49,0,1,0,0,0,0,0
0x6cbc27eb873af5eb177671f45dd02be0b9416fd1,1,0,0,0,0,0,0
0x6cbd17dcb8331e61baf3d2c7355a27ff9deff619,1,1,0,0,0,0,0
0x6cc07cb2d1d354f9e2042a26697e7fe9cec4656c,1,0,0,0,0,0,0
0x6cc24b1feb9f45f907d16159ce82fc067a7e1c43,1,0,0,0,0,0,0
0x6cc878602e05c83d0d119d43967f2d34842c4a73,0,1,0,0,0,0,0
0x6cc8ae9b7c8ce86276d1062b2e837684400e6c37,1,1,0,0,0,0,0
0x6ccf98a13ed658678bfe9a319d4454e5f170114d,2,0,0,0,0,0,0
0x6cd27bd3a3643da8145b152766aea2fef0a54670,1,0,0,0,0,2,0
0x6cd3409ec07e5aa64baaeb08c6a038f30e831090,0,0,0,0,0,2,0
0x6cd36a328523701f09804a2559fe2581eae0aacc,3,0,0,0,0,0,0
0x6cd3cbfa29ebb63e84132ad7b1a10407aba30acd,2,0,0,0,0,0,0
0x6cd574e51524fe7ac6175bff2c449aab482bc5b4,0,0,0,0,0,2,0
0x6cd694d5a9c71cd811922e3cb314f44afe25a48c,1,0,0,0,0,0,0
0x6cdc55813f10ace2b056cb52338adc623a83ef22,1,0,0,0,0,0,0
0x6cdcc0f443b358698bcbda64d3c29390226ededd,0,1,0,0,0,0,0
0x6cdccb2b249298419ab3dea261a92fbacf2223ab,1,0,0,0,0,0,0
0x6ce17d826a1c50e97678810954943c83ebd10066,2,0,0,0,0,0,0
0x6ce3fef99a6a4a8d1cc55d980966459854b3b021,4,0,0,0,0,0,0
0x6ce4642936028cf493c9bdd72e78130297cb77ea,1,0,0,0,0,0,0
0x6ceb458fac48cf87b420f23b0d890534655683e0,1,0,0,0,0,2,0
0x6cec5ecfe573e0903edc467c4ed75f99bade6dc7,1,0,0,0,0,0,0
0x6ced978feaa31ad4c2acdd5eae4e034f2ac3919b,1,0,0,0,0,0,0
0x6cee948c9d593c58cba5dfa70482444899d1341c,0,1,0,0,0,0,0
0x6cf1b38cefe57377fd4bbc7df7c38dfe013ff91a,1,0,0,0,0,0,0
0x6cf2de9eabbcbb45d12294acbdbd8cd6f23e8a7f,2,0,0,0,0,0,0
0x6cf8fcc9db80b7db3078afefa939524aa496266a,1,1,0,0,0,0,0
0x6cf9af470571026bafc48d5dd23b0521e9595394,3,0,0,0,0,0,0
0x6cfb72765d2673c7f830f9cdf90c248179794119,0,0,0,0,0,2,0
0x6d01eed438511d9f694758d3b5cf42ee21d382cf,1,0,0,0,0,1,0
0x6d06095d75784e948e0f98dd680c798bff1aabaf,2,0,0,0,0,0,0
0x6d074dfa6111404ee8be2c9f024e32c9fffda1b7,0,0,0,0,0,1,0
0x6d0a11c04edf666e92777634ddb72f152a798369,1,0,0,0,0,0,0
0x6d0a44fb6a416da6efe1c192560be1bccd01f6be,2,0,2,0,0,0,0
0x6d0fd5dbc5c73d4e156ead77ed7ab115313dfbca,0,0,0,0,0,2,0
0x6d105976d1a93e1ce23b825b562519144a56d7a4,1,0,0,0,0,0,0
0x6d14421da39b403baab1cb0eac158ee658590798,1,0,0,0,0,0,0
0x6d158c29b0ddc73438cab3631ebd56a225711a89,0,1,0,0,0,0,0
0x6d1a24511e532f45d056bc5e2c341513c268191e,0,1,0,0,0,0,1
0x6d2b61eb73a67ce199ed479cad46a2a864c331b8,0,1,0,0,0,1,0
0x6d2cfe7c64087b1d6d2f7e77039de64dcd232ced,1,0,0,0,0,0,0
0x6d2e76213615925c5fc436565b5ee788ee0e86dc,2,0,0,0,0,0,0
0x6d3543d4b11683847697f5b9a3a9d116cf13dedd,3,0,0,0,0,2,0
0x6d358ad6eca1461f092659797e8dceb2d5150fa6,1,0,0,0,0,0,0
0x6d38574be6c230272daad16fa5f291f825bd0da1,0,1,0,0,0,0,0
0x6d39766fc715217ba313e338a4c023065d963889,1,0,0,0,0,0,0
0x6d402b714df85f7fa3d257f1e6a86b62d099a4f3,2,0,0,0,0,0,0
0x6d4032d39350a4359b03495c08ef3aee8fcc1d3c,1,1,0,0,0,0,0
0x6d4106c5c6cddeb5e0bbda23c4555a45dfaa92d7,0,0,2,0,0,0,0
0x6d500e4b6565c3c25a6edd51839d52269e3d293f,2,0,0,0,0,0,0
0x6d5246ac741ea76de42b75dc48a78cc6dc7c7593,0,0,1,0,0,0,0
0x6d531bce8755694aaf2e157747063fcd917ded7c,0,1,0,0,0,0,0
0x6d534b48835701312ebc904d4b37e54d4f7d039f,1,0,0,0,0,0,0
0x6d54549975e0fef50cd954491a6abee84c6f4e61,1,0,0,0,0,2,0
0x6d66439c9cc75b69f9a40e82f34445081b8e929a,2,0,0,0,0,0,0
0x6d68593274bbca4fea0ac29ce7c36fc107e2f7e8,0,0,1,0,0,0,0
0x6d69fcb28c9fcc9e9d39e3608190b24f4df295e7,0,0,0,0,0,1,0
0x6d6a99e9e94923a9992a0593ea0298bf7542be67,1,0,0,0,0,0,0
0x6d6db51e3e4838369676508ce25db64f4ca7e5e4,1,0,0,0,0,0,0
0x6d74d4bf725d296ca3a8ef806bff40488e72c51d,0,1,0,0,0,0,0
0x6d764e5ba1da7f5affd9d4ac00e2dd8bf41cc2aa,2,1,0,0,0,0,0
0x6d7de51bcfa5b4f3d470de3aca3041e0908060e5,0,0,0,0,0,2,0
0x6d7efeb3df42e6075fa7cf04e278d2d69e26a623,0,0,1,0,0,0,0
0x6d81e7c54b077896fc6568d951ac90c8d9601a2a,0,0,0,0,0,1,0
0x6d835879a256978755b8f3a3ec2c76c5188404f5,0,1,0,0,0,0,0
0x6d84769b1e287a27f282a938c8110b22714dbf78,0,1,1,0,0,2,0
0x6d8811059eb8f0509acec06648ea95b3ae01be72,4,0,0,0,0,0,0
0x6d8f2ffb3a314d8f353779873b13f0a23c11496c,1,0,0,0,0,0,0
0x6d9603fc3d21f3e293576b1ea2ead0451597625a,1,1,0,0,0,0,0
0x6da5380105a57abf2f42ef4afe01d4d888fc9282,1,0,0,0,0,0,0
0x6dadb75e3ec4ff80897324e0cce991b5f699a0d2,0,1,0,0,0,0,0
0x6db37629bb1da376e9a54d8ba3b30447043018d3,0,1,0,0,0,0,0
0x6db92e635ba5d2834fff3db03b6be80d8aa28d5a,1,0,0,0,0,0,0
0x6dbb4e882f967432fc0f9200e9ca577c916d8a68,0,0,3,0,0,2,0
0x6dbc5978711cb22d7ba611bc18cec308ea12ea95,0,0,1,0,0,0,0
0x6dc2b0014e1974d7606de09b87969f34bd336252,3,0,0,0,0,0,0
0x6dc6484c578267556933f8f44a4d0836277fd9b5,0,1,0,0,0,0,0
0x6dc896e52def34ff23ab0b07250e12b9fd9fe9e7,1,1,0,0,0,0,0
0x6dd2c2a82234d280e2b397db17b923fab49695e6,1,0,0,0,0,0,0
0x6ddb328c94350b53a155e8cad141e3b972decc01,0,0,1,0,0,0,0
0x6ddd3783141aba15d846797d349cb4b9145d7089,0,1,0,0,0,0,0
0x6de20d9d444354ff9b271a6ea6f9274f2467df35,1,0,0,0,0,0,0
0x6de3cc59152e19f108378984f45e20a34c9f6338,1,1,0,0,0,2,0
0x6de8f49a47f4cdcf7cb69cafb1b6a74a4f38d113,1,0,0,0,0,0,0
0x6dee0a976370ee9f0f8c4619ab3386441a42ceb3,1,0,0,0,0,0,0
0x6dfe212d1461014be1781b0be710dda1c036d8ef,0,0,0,0,0,2,0
0x6e00d60e15c9a60ba18d5b7aca7ee37777be2a7d,0,1,0,0,0,0,0
0x6e06db853b69f2d9cedbfaf8ae79e724622de6ae,1,1,0,0,0,0,0
0x6e0f459e84c3d37c77d8eb04729b82b7ae088669,1,0,0,0,0,0,0
0x6e10e8f202ced220791043df74aa84615caec537,1,1,0,0,0,0,0
0x6e14ccec454b12ab03ef1ca2cf0ef67d6bfd8a26,3,1,0,0,0,0,0
0x6e1de8374d4d0717b8cb9cb180621c021492162e,1,0,0,0,0,0,0
0x6e226310db63ac3701f657bcc62c153c1aaa3004,1,0,0,0,0,0,0
0x6e2abdd755ebe560d10a9836d0bd9f99ff4ba60d,0,1,0,0,0,0,0
0x6e30644babcff8fdd83403a6c8714c1ef59525ad,1,1,0,0,0,0,0
0x6e3990c89bd13397f3c080500805863275cc85ec,1,0,0,0,0,0,0
0x6e3c384480e71792948c29e9fc8d7b9c9d75ae8f,0,0,1,0,1,0,0
0x6e45155b50ffdb802872830613b745b156922b20,1,0,0,0,0,0,0
0x6e514de4c2675feeb51d759977b4222dc65556af,1,1,0,0,0,0,0
0x6e56d4e9de4e9d64ccfadce52cbf10c78f096af6,0,1,0,0,0,0,0
0x6e5b3dbfb6a85d11e5d0d4a5618c53838da63900,0,0,0,0,1,0,0
0x6e5b7f4e908b6e55c8f8bd699487825666d3c1dc,0,0,0,1,0,2,0
0x6e5db36f85492b20153eb8165e19dea1387345df,1,0,0,0,0,0,0
0x6e5dce687b949b52dad8bb1cc467d0205cb4b6e3,1,0,0,0,0,2,0
0x6e6a00012c2005ca5c75b3ad58baac1a7a8e241f,2,1,0,0,0,0,0
0x6e6f602f997078a4c7d1dd91741e0147ea4c8ce8,3,0,0,0,0,0,0
0x6e6f819299e7809ce744f37fae9f84fe38d95f1c,2,0,0,0,0,0,0
0x6e72be21bd9746a561691aa6a47f4fb87c3659ac,0,1,0,0,0,0,0
0x6e776e93291620dac8f3dde4a0b98c42a5359293,0,0,0,0,0,2,0
0x6e7a61fbe11873f4c7d0983c79683aad5c0788bd,1,0,0,0,0,0,0
0x6e7cf33736bafee311a73093741f93ab8cd6530c,2,1,0,0,0,0,0
0x6e81a9ee3a1d4c2522de6e15e30ab551b3bdcbb6,2,0,0,0,0,0,0
0x6e82aabffe24f275ad3f703aca922dd4d8f86168,0,0,1,0,0,0,0
0x6e850bf8607a37e84a489008eeb94fb19331b061,1,0,0,0,0,0,0
0x6e8b3bf967405f2b1feaeb3a09c76bc94a8f37a4,1,0,0,0,0,0,0
0x6e9aa27afa93a52b219a3f091c7d600ad32dcc7c,0,0,1,0,0,0,0
0x6e9d4b330aad2f414fa7ae1074afa266b6469364,2,1,1,0,0,0,0
0x6eab644deba95ca78e4ca636c366f19b75290d65,2,0,0,0,0,0,0
0x6eac0c97264fe88e3f35f6759860e29c5f9c19d7,0,1,0,0,0,0,0
0x6eb1eee8dcb041e2d3b2130ce124c3005dc3d6a7,1,0,0,0,0,0,0
0x6ebe55e8c9165d6d1bb3239a31dbba0c2f47fe56,0,1,0,0,0,0,0
0x6ec2e2e2bd43d4deaa883533f80ea61682236073,2,0,0,0,0,0,0
0x6ec75c4eddd6838049478ac386dacd74d53c22cd,0,0,0,0,0,2,0
0x6ec8a24cabdc339a06a172f8223ea557055adaa5,0,1,0,0,0,0,0
0x6eccca96d6a238aae183440beeff39d9ba81054c,0,0,0,0,0,1,0
0x6ed680055bd5a04c194c954f71019ee90145001c,1,0,0,0,0,0,0
0x6ed98637002026cf9b6c70b7018f229f9d02391e,4,0,0,0,0,0,0
0x6edbdeb48ccc0dfab0bbaebc349732e320d6d213,2,1,0,0,0,0,0
0x6edea3515749cef9986d05f08104ffd976217bb7,1,0,0,0,0,0,0
0x6ee0e499cca1afcef3492f701a07630e4afd3458,0,1,0,0,0,0,0
0x6eedd095c335a7dae40db56832607093e1ae6311,1,0,0,0,0,0,0
0x6eef402d5fa949aa6ed397b103799d5cdfbc9cd5,1,0,0,0,0,0,0
0x6ef5bca539a4a01157af842b4823f54f9f7e9968,1,1,0,0,0,0,0
0x6ef9032ce16082df9d9ddcd2657ffd795f5f0485,2,0,0,0,0,0,0
0x6effaa6450af6f6564157314021d04c33d306897,0,1,0,0,0,0,0
0x6f08e38a24b18cf5edbd0e38bc88db5247b7eff8,2,0,0,0,0,0,0
0x6f1172311042b4ff399feba5a8f49f24c0f468e0,1,0,0,0,0,0,0
0x6f122109a8ece4af04baf2453318693633bd1246,1,1,0,0,0,0,0
0x6f123503fc11f4a915e222808349c8aff4d6c3c0,0,0,1,0,0,0,0
0x6f1408e206d23d446e1580830f11f79c2e58d92b,0,0,0,0,0,1,0
0x6f21278477a84b7e2aa564d533dc128e1cf00e22,1,0,0,0,0,0,0
0x6f2deef18421ba39065223b23ef38666b3052a46,1,1,0,0,0,0,0
0x6f303642844f734ad4176d0dfe93ef7e0776ef46,0,0,0,0,0,2,0
0x6f328f0a7cd638cda9fed876abf71423ca109fe1,2,0,0,0,0,0,0
0x6f3a995e904c9be5279e375e79f3c30105efa618,0,1,0,0,0,0,0
0x6f3b2f2100875409c5c011bc3bb97ea6e0f671db,1,0,0,0,0,0,0
0x6f3d1879cd84fa1a7eec7fe936af6a84b67f4567,0,0,0,0,0,2,0
0x6f3f21e65e618592f95d5f3a2e7e1b1425309ff2,2,1,0,0,0,0,0
0x6f4bea736cc51f6dcfdead130aa3acc9551f6421,0,1,0,0,0,0,0
0x6f4dcbb16f72853c7382e7100a0713a68e53d9be,1,1,0,0,0,1,0
0x6f4e647f553397dc999382ad3a9c5336c5de27aa,2,0,0,0,0,2,0
0x6f4f8b6f233eb5dbad46163010f35fed843125b7,2,0,0,0,0,0,0
0x6f51f47ca1ce3d93242d3cbb331a50921384be7e,1,1,0,0,0,0,0
0x6f527e968bab723128ca2a20ccf70da757a3bcf8,1,0,0,0,0,0,0
0x6f59c5e4a98bbeca595cd8f44d4ae6c1f055edbc,1,0,0,0,0,1,0
0x6f5ac8fda08c00c38380777f00e265d4951b6f59,3,0,0,0,0,2,0
0x6f5c1ed62a4fa41cfc332d81fafd3cd38aacbd85,1,0,0,0,0,2,0
0x6f60914be8e1aa413c981926e9edf3e5603d3f46,2,0,0,0,0,0,0
0x6f655b9e1e79a8979ad5bf8f141f2fc4dc71540c,0,1,0,0,0,0,0
0x6f6b380e49cf90d418639a5032675fdc05c11470,1,0,0,0,0,0,0
0x6f793d30138161e6a5ae98c851882b7dc194d501,3,0,0,0,0,0,0
0x6f796ed01c70c796d8378bfbc616a158ea5065c6,2,1,0,0,0,0,0
0x6f84faf2ce621f5a4ba161f055a56daffbf78b04,0,0,0,0,0,2,0
0x6f8544edb3f513845135b0efa907f4b6b9c2c92e,3,0,5,0,0,2,0
0x6f86aeae8dd4f56a566a0d462ec7c254a2213916,2,1,0,0,0,0,0
0x6f8d49169216df572947ce90aaabec9d27b7cc8b,1,1,0,0,0,0,0
0x6f8e8e44e02963f11d494be759afbe24cf55cd39,1,0,0,0,0,0,0
0x6f905e47d3e6a9cc286b8250181ee5a0441acc81,0,0,0,0,1,0,0
0x6f9064180354a6773db5af7226a40614c8dbce39,1,0,0,0,0,0,0
0x6f91e584f4c150951386b133e21aa769c8b7d060,1,0,0,0,0,1,0
0x6f936639c9b7514df2f92b618b19eee30de0260c,0,1,0,0,0,0,0
0x6f945c83f9ddc4ebd9cad21e7c08cc3c82a21c90,1,0,0,0,0,0,0
0x6f97b5c035939424037f00102068e610380ee25a,1,0,0,0,0,0,0
0x6f9dca2bdc1d9878e6a1d54446da47758e54f89b,0,1,0,0,0,0,0
0x6f9e77dc013e6a7156a5aeb26fb095f3405fd911,0,0,1,0,0,0,0
0x6f9ef4d30498f23e7d3116e272b855597fba83bd,0,0,1,0,0,0,0
0x6fa3217293bb88ec6accecc368881c33df1248f5,1,0,0,0,0,0,0
0x6fa7a4bfa7fc89e72617c05c785d7785dd89d2d8,2,0,0,0,0,0,0
0x6fa883afde9bc8d9bec0fc7bff25db3c71864402,0,1,3,0,0,0,0
0x6fa8b7532cae4e8feedadfb4a757a43ae5243165,1,0,0,0,0,0,0
0x6fa8cd6a1a35542ba289437fe69e8f21ca1fa614,2,0,0,0,0,0,0
0x6faf33c051c0703ad2a6e86b373bb92bb30c8f5c,2,0,0,0,0,0,0
0x6faff25ef78e39c518687b0dd19113f9b29ac562,1,0,1,0,0,0,0
0x6fb6819ff5ad4bf15eba82dd05a5f4edefe3a41b,1,1,0,0,0,0,0
0x6fbc1b8f756f43cfbfd45085380cc375650ff3d6,0,0,2,0,0,0,0
0x6fc1ee575e9023aea1c45b4dfc9acf603ea9f63f,2,0,0,0,0,0,0
0x6fc22d1f6852af2bcea6cb749033ccb6b4d3177a,2,1,7,0,0,0,0
0x6fc2a418d752e4b26dc372ccd766696f9c462e30,1,0,0,0,0,0,0
0x6fc619aa9889a2822167065146650acf7a2f1127,2,0,0,0,0,0,0
0x6fc9c554c2363805673f18b3a2b1912cce8bfb8a,1,0,0,0,0,0,0
0x6fcaf59b5a6790752c78e2ab8cf7fe599f3dcd45,3,0,0,0,0,0,0
0x6fcc9f9a805b87afee2786293cbdc954b1aba4e3,1,0,0,0,0,0,0
0x6fd1b41e9ffc477c6801a26f6f36de48746bee74,1,1,0,0,0,0,0
0x6fdbcd375f348325d4b8c1fac374753ec1b07c92,2,1,0,0,0,0,0
0x6fdfce60998725f4cfb4cc57505a3abdbb6d0646,0,0,0,0,0,2,0
0x6fea5ce746eb341572533dc5943c5e7b55fc4971,2,0,0,0,0,0,0
0x6feb3a071a2732378521c53d024b67ad068ec921,1,1,0,0,0,0,0
0x6ff869d8727ef71369dd33d7e6fd63da31ae203f,0,0,1,0,0,0,0
0x6ffeb92890ca49eec56425baf2e38e82deab79b8,1,1,0,0,0,0,0
0x6fff29dc8fbea3a6f202f993231030946571dbd4,1,1,0,0,0,0,0
0x6fff3806bbac52a20e0d79bc538d527f6a22c96b,0,0,0,0,0,1,0
0x70052a651eec65f98925e845820a0aa5749b033d,0,1,1,0,0,3,0
0x7005be353665346bc7586ec77fc8edfb60c9d00b,0,1,0,0,0,0,0
0x700fc72abc067e90111a391d0fae8ce8c799b38f,1,0,0,0,0,0,0
0x7012a5ada4cee1d0bfb9f93d0f4ced094d6e8577,1,0,0,0,0,0,0
0x7012ef33dcc79a7341ba05cf2c5699eaaa5e0d7d,1,0,0,0,0,2,0
0x701e28058b24563b9f718b720f7c48cb6690226e,1,0,0,0,0,0,0
0x7021967e5d0761772c6fb25304f2d013865aba7c,0,0,1,0,0,2,0
0x70287b389aa4d35368bc9ee39cec7bf43e7439a8,0,1,0,0,0,0,0
0x702b1b84bb83bb2c651780bf83ba0cb17c656182,1,1,0,0,0,0,0
0x702bcee7f521060eacde63e487a4c36ef7405f50,0,0,1,0,0,0,0
0x70314cdf964596124f12fa8bd60e5e4668ec75cd,1,0,0,0,0,0,0
0x7038c15f76ad2667837c438c8819fd969899cdbe,1,0,0,0,0,0,0
0x703ab45e12a509e1a6430b0f1c9576c6b3075dd2,2,1,0,0,0,0,0
0x703d81d19e147808633910b85537f04b76c4385b,2,0,0,0,0,0,0
0x704079e823e42a936bbaac5163434c2515473836,1,0,0,0,0,2,0
0x70409a44060fbc75a9e44170d025c049c929059e,2,0,0,0,0,0,0
0x704370fe1bac2cfbb1c70366eb8e0acb0adf3fad,0,0,0,0,1,2,0
0x7045c5c158aecd68eed18671cc8775fc7f7d6e70,1,0,0,0,0,0,0
0x7046d3b6588e5ca2d8e48b47c9bcb28b4357ce63,0,1,0,0,0,0,0
0x704a1e04ca263c4af14fca6cd5cc371d247bd200,1,0,0,0,0,0,0
0x704a23208e0325ab0dfe3bb2264b1035caa13f0b,0,1,0,0,0,0,0
0x704bddaa18f3b4eef33cdfec5e80daf5847c7d41,1,1,0,0,0,0,0
0x7050f87ca2691761f996c5060530c38c2a1288fa,1,1,0,0,0,0,0
0x7051620d11042c4335069aaa4f10cd3b4290c681,1,0,0,0,0,0,0
0x70528e8cc624f437fd01ab5a5215d8bb092b73ff,1,0,0,0,0,0,0
0x70538834e68efe5061a11c4999fc050e55ae2b68,1,1,0,0,0,0,0
0x70544d3affd8d415d45fc7b7d07a2e9b897fa6c8,1,0,0,0,0,0,0
0x70673d36178f17ac064747c7bdd026240be194b5,2,0,0,0,0,0,0
0x707784ed2b464474f8fb763c058b33fcf8626db5,0,1,0,0,0,0,0
0x70785fec3fad3a3f855d939b74be05fca3ee9d7b,1,0,0,0,0,2,0
0x7078b01170768c6db7bd9f515305682e52664cd3,1,0,0,0,0,0,0
0x707bd951c676c5f7a957df363d6ce1b2af4b636d,1,0,0,0,0,0,0
0x707f0612cbbfa02284e02b0010b4f859bb7308ec,0,0,2,0,0,3,0
0x70838403ecc194b73e50b70a177b2ef413a2f421,2,0,0,0,0,0,0
0x708a64eba17df26cd7085c494b725160ba1a6b7d,0,0,0,0,0,3,0
0x7095e151abd19e8c99abdfb4568f675f747f97f6,1,0,0,0,0,0,0
0x70965361f143d268342c84b4d6f7c41b438cd5d7,1,0,0,0,0,0,0
0x70a128fe6c4f654f52fc799f250506bed550945e,2,1,0,0,0,0,0
0x70aa0247de23fdd3b8558be98747a8c286affd54,4,0,0,0,0,0,0
0x70ab487ec48b4b9571d346348da0f10737d48a54,1,0,0,0,0,2,0
0x70acb336d7d4bfa8c19d9cfab5f8c5c1aa0d8dee,1,0,0,0,0,0,0
0x70aedc0621a686067fdba7fb4fdb209ea185fe73,2,0,0,0,0,0,0
0x70b026048d924eb525889ce975ae9ed83833f2cf,0,0,0,0,0,2,0
0x70b7c2015e1e01541ca220fa36c733fc03c687c5,4,0,0,0,0,0,0
0x70b8028610e60c1962522e0559c9a658663cfcce,1,1,0,0,0,1,0
0x70b86b328b14b2f58f137436607cff45e4545617,1,0,0,0,0,2,0
0x70b920cecc28effe8fe451c0beecc12f234bf9d3,0,0,0,0,0,2,0
0x70bb80b39a361aba7695420157792d59791ce24d,1,0,0,0,0,0,0
0x70bf9df6967dc96156e76cc43b928a7ef02e159a,1,0,0,0,0,2,0
0x70c86655abce9db09c075d07b4eb11d4fa63cc8b,1,0,1,0,0,0,0
0x70cdbd16575651e3b78fa869a51eb8e991e079bb,0,0,1,0,0,0,0
0x70cf39f6d5f1363416e270a6573936e8c772b670,1,0,0,0,0,0,0
0x70d0907b064ab5c86849d391124f62ce9bcbf597,0,0,0,0,0,2,0
0x70d28b8d6c19f3074a3edf3033f0defa7a4ce4df,0,0,0,0,0,2,0
0x70dea95c5e56792a70d357f3e1b2f11e35c4c277,3,0,0,0,0,0,0
0x70e29c7124585a20ede4e78b615d3a3b2b4dad5c,1,0,0,0,0,0,0
0x70e531091d82e183f7246012d1566c3fe1315625,1,0,0,0,0,0,0
0x70e6718a025dfaa44159f1c9a9cc20f575f3cdf0,1,1,0,0,0,0,0
0x70f084ef4067d99d311af778f3117449ad53b3e9,0,1,0,0,0,0,0
0x70f187ea2ebcf5b94aa7819f41c92f9a9dc4c200,0,0,0,0,0,2,0
0x70f53cb14a08700d0816f01bdae54b3f507f2ce2,1,1,0,0,0,0,0
0x70f823ed7643fd7a26fdf8753827d31c16374fde,4,0,0,0,0,0,0
0x70f90f6688cb26b6a924a2155b3d9529a0b36a90,0,0,1,0,1,0,0
0x70fa6e7cf0ecf0e97415f3abbbc8eb67e0c2c588,1,0,0,0,0,2,0
0x7105ec15995a97496ec25de36cf7eec47b703375,1,1,0,0,0,0,0
0x71084a6624a45ef06605dd2a9c3b44336cb1bdd7,0,1,0,0,0,0,0
0x7109eca95daa8f04ddeef3a941fc9bd85bd1510f,2,0,0,0,0,0,0
0x710b592bf7eaa59e8046c83519f092def346b6df,0,0,0,0,0,2,0
0x711256406c2e9072fbaee5b67d5a893f66a3e707,1,0,0,0,0,0,0
0x71186cc94d4bd4aad5bc2e5e329e32a9f70e1ac6,0,1,0,0,0,0,0
0x711a1836b306d2eac12129c0b97da8931ee80fe2,2,1,0,0,0,0,0
0x711e3e5ec8fe04361f8db67ed42b51522ee3d0a7,1,0,0,0,0,0,0
0x7120575e62cb814d9c592406f882721bba965490,1,1,0,0,0,0,0
0x7120be3d97c424590cb200d5b740be7fd3549896,1,1,0,0,0,0,0
0x7121d8ce8eff1f49384bce78db7d5217030d8adf,1,1,0,0,0,0,0
0x7123027d76a5135e66b3a365efaba2b55de18a62,1,0,0,0,0,0,0
0x7125df83a5d3945728036d3c5e48e2c9e38d1607,1,0,0,0,0,0,0
0x712742829b3181b45facca605c699d4479855c30,2,1,0,0,0,0,0
0x712f29d9affc81f8c6d666385938b934fba3a57a,1,1,0,0,0,0,0
0x713a7dc297156ca54a9112cba0c97c5b76c8bb30,2,0,0,0,0,0,0
0x71402645d25196842b0434a1805726b7c0eef426,2,0,0,0,0,0,0
0x71480498a6ed411dfef39f825aa1f900a8ebdf53,1,0,0,0,0,0,0
0x714c1ef3854591d4118bd6887d4740bc4d5f5412,1,0,0,0,0,1,0
0x714d13c3bebfbf1097db48141471e78f9035dca5,1,0,0,0,0,0,0
0x714f9344b37104651ea0eeaee18f8b31146fc123,2,0,0,0,0,0,0
0x71529cea068e3785efd4f18aaf59a6cb82b7e5cb,2,1,0,0,0,0,0
0x715423a818f1f9a85c66d81d2809e0a4dadf07f3,0,1,0,0,0,0,0
0x715641fd955890299863a73c906209b71a8a4ce9,2,0,0,0,0,0,0
0x7157cf5f3f57ee59d74b905175134b8a7763b065,2,0,0,0,0,0,0
0x71583506d41a604bc4bf178472ef1a495131cd45,2,0,0,0,0,0,0
0x715a9405944c7e8b6b74374b8eabbb2260eba195,2,0,0,0,0,0,0
0x715bb6b4c3013667de41d90a852152817cb88541,1,1,0,0,0,0,0
0x715ea4b194e90e2c6861192be7883fe481bf8be4,2,0,0,0,0,0,0
0x716989fa21d5043165079ddbfd04a76a001a595a,1,0,0,0,0,0,0
0x7176a57a53a87a800a6d7ec33c8479a8deb57d8b,1,0,0,0,0,0,0
0x71871f8d10b2965e06dc29b1be7122086aeb11e0,1,0,0,0,0,0,0
0x71880d9f448c995ec5a7c9d68f2b0e256ef510d2,1,0,0,0,0,0,0
0x718f1892987a871fbe81462597e6dcd2900e127f,0,0,0,0,0,2,0
0x7192bb75777dab47ef6fbf6f6c0e4bcbb2294f38,1,1,0,0,0,0,0
0x71972877d68acf22114e05578364a307cafe2885,1,0,0,0,0,1,0
0x7199c3fbc0832e8798d2514eeaa88f0ce597698d,2,1,0,0,0,0,0
0x7199c542a62987d72a2c035530243cf1fe722208,1,0,0,0,0,0,0
0x719cea912334fd67af216641d7902b5dc8cf2958,0,1,0,0,0,0,0
0x719e7f0dadfdea25b78595da944f44d15d7e6795,2,0,0,0,0,0,0
0x719efd3550c82b1ce656e64803de576ce93e362f,1,0,0,0,0,0,0
0x71a06988b97070a7091f81117b0a4bdee7a68357,1,1,0,0,0,0,0
0x71a42fd60323204912468cd32a8283ed5d45a28f,0,0,0,0,0,2,0
0x71a982a028c9d4b0566041a78df12b810462e155,2,0,0,0,0,0,0
0x71aaf9dc418e9dde76aee42e431fc203d9cfd0c2,0,1,2,0,0,0,0
0x71ae0bd9eb29fd697421cf428cd2b51727301fdf,0,1,0,0,0,0,0
0x71be4a37ef6423c4dc0530410454d85da3d73d64,2,0,0,0,0,0,0
0x71c11a3b3a13a2e4a23c760722691952319ac7b9,0,0,0,0,0,2,0
0x71d00a5e4a541caafd106509eff28a7798443c26,1,0,0,0,0,0,0
0x71d57fc11e9d85d8ce2b5acc9019af399bf0cbcb,0,0,2,0,0,0,0
0x71e1f8e809dc8911fcac95043bc94929a36505a5,1,0,0,0,0,0,0
0x71e426c374794ec016390c05a281ece60e932245,3,0,0,0,0,0,0
0x71e617e6024c20ac20f1c3fa47d874b9e4d2c141,2,1,0,0,0,0,0
0x71e899b32a4c1e709120c61742cc6337210ff5b0,1,1,0,0,0,0,0
0x71e8d74ff1c923e369d0e70dfb09866629c4dd35,2,1,0,0,0,0,0
0x71f04062e5794e0190fdca9a2bf1f196c41c3e6e,3,0,0,0,0,0,0
0x71f2ea939984349838578fbd20fd25e649c1d6a3,2,0,0,0,0,0,0
0x71f4af47acd8e9530a234aacd99270b82c8fbf77,3,0,0,0,0,0,0
0x71fbecb11e291f824fd5dc9e760f56a5239e4702,1,0,0,0,0,0,0
0x71fd1b8263b40049269ee881c9cf842e6ca297e0,2,1,0,0,0,0,0
0x7204f236b3ac144e119d9ac00717204c581a1845,0,0,0,0,0,4,0
0x720608228bda773fe22e816ee72463040f11c19e,0,0,0,0,0,2,0
0x7211f65a7876433635601b9480e57f812a3665d8,0,1,0,0,0,0,0
0x721da477f68c71788a262d58853fe6977d86535e,1,0,0,0,0,0,0
0x7220e734c524e8938a1553ae18e3c68aec8bf955,3,0,0,0,0,0,0
0x7229bb50da9c01b28b9f1aace7711605d88afbd3,0,0,0,0,0,1,0
0x722b035cdaf0daf521ead7bc3496029a280e6249,0,0,0,0,0,2,0
0x722baa20d3b42fc1ec0b63fb84ba3fda47da4a26,2,0,0,0,0,1,0
0x7230b0447dba2e75f63a8064bf0252f3d7c649c3,1,1,0,0,0,0,0
0x7236981911292da0d8496667fb268c4f7ae243fa,0,1,0,0,0,0,0
0x723a277f1f41b528affa37c5a8ca52a3d4d02e6e,1,0,0,0,0,0,0
0x723aaf922709819c25344b81901dd8a9c84c0b89,0,0,1,0,0,2,0
0x7241496a3fad5b8fd93b647399f57d7c835d2385,0,0,0,0,0,2,0
0x7241d179d92e86237bb460f8a19fae369a8846a3,2,0,0,0,0,0,0
0x72519fa6cd095c99d5d67e31ddc117409bc5c047,2,0,0,0,0,0,0
0x725374b9671f3f2d326359750f9f2da4a5fe5d08,1,1,0,0,0,0,0
0x72636c350431895fc6ee718b92bcc5b4fbd70304,0,0,0,0,0,1,0
0x726605ea9987f54e62e16cbcec4926a1a493a84e,2,0,0,0,0,0,0
0x726b61fa2a732c5946dd5059cad6f6f838c5ccfe,0,0,0,0,0,1,0
0x72702b1949ab61dfe46285710072be17ad3574ba,0,1,0,0,0,0,0
0x7271f8fdd7693dca37b40403080abe89ae740168,0,0,0,0,0,2,0
0x7275f61c3abfba3596ae71f7128bdc3b0fc01fa9,2,0,0,0,0,2,0
0x728781e75735dc0962df3a51d7ef47e798a7107e,0,0,0,0,0,2,0
0x7287bef78619e10c32a1eee82046fa3c4a29f17d,2,0,0,0,0,2,0
0x728d52789bdcb8e4b76172c0120db8ef97914f64,1,0,1,0,0,0,0
0x72907f5d1417404d9e4963d53107ddd4237aa10d,1,0,0,0,0,0,0
0x729d11fd8ee835a165a6824362bebac8a7831aea,0,1,0,0,0,0,0
0x729e895e186b7fbd34485d496415bb2f42629b71,1,0,0,0,0,0,0
0x72a2384d0920b6c46f97ebe4c23c092acce485ac,4,0,0,0,0,0,0
0x72a3678da1e6683ebb58f006888903496d4e97ab,1,1,0,0,0,0,0
0x72a73495b769682d7b09a9641fa1a95e308fbe08,1,0,0,0,0,0,0
0x72acaab5b211b9a69bf71f4a6bb1f56546451509,1,0,0,0,0,0,0
0x72b2670e55139934d6445348dc6eab4089b12576,0,0,0,0,0,2,0
0x72ba699f0f3c29d0f886c264ec7350533a32b3d5,1,1,0,0,0,0,0
0x72bd9e034a034796d77b080bb3d477333c651be4,2,0,0,0,0,0,0
0x72c17126e2ff24b5d76a75ed4b3f031c70b05eac,3,0,0,0,0,1,0
0x72c1f8e060e269827571011c5aed4a611b06a593,0,1,0,0,0,0,0
0x72cd227476b057c819e5186f87054df954d09adc,1,1,0,0,0,0,0
0x72d02f8c18d5452c6ed3f5515d7afe68c8a01f43,1,0,0,0,0,1,0
0x72d2da71d6ea20c63a4f23b888ea70dc044f6800,2,0,0,0,0,0,0
0x72d3883cc221699c1d06d1d4abb44c98504a366f,0,1,0,0,0,0,0
0x72d84a0fd9ca53fa302a0a1ce4be22b1072274be,1,1,0,0,0,0,0
0x72dc30371f77dd6efb22e27843594a14bde0337b,0,0,0,0,0,1,0
0x72df2df74f60c8141058c05346d13847a62940fe,1,1,0,0,0,0,0
0x72e22674eedb143b2bfeddf76fb96313fbba6f46,0,1,0,0,0,0,0
0x72ebd62060f78d91dc4bc33e8d88f39307365f87,1,0,0,0,0,2,0
0x72eff9e6d24e9078a87f51e569ad5560bfb3fd40,1,1,0,0,0,0,0
0x72f1295238a6a0d95631ad9f81b829c486861057,1,0,0,0,0,2,0
0x72f99362fc6120cf19e0b572823cf07f366b12df,1,0,0,0,0,0,0
0x72fff882555c0406dd3b7e1cad86e97ebafd72fc,0,1,0,0,0,0,0
0x7302ffd8f135f69b29e94e6a4a26868188fe34ff,1,1,0,0,0,0,0
0x730688f6396c8d109f1e19e9bfaa9ff50b69246c,3,0,0,0,0,0,0
0x730f8c40a08d02349a2d64e3193cf207a2a2dfe7,0,0,1,0,1,0,0
0x73185bc2a1aa75ec49ba9239b28ea22fda5940fa,0,1,0,0,0,0,0
0x731f6ba71fb13a48e6e71b8dcf1f88c5edb67a7b,0,1,0,0,0,0,0
0x7329e152d805dec79c67e45d4e04f3b6ce545b7c,1,0,0,0,0,0,0
0x732c6f4f1cf13d850d71e9dad229997db0818a52,1,0,0,0,0,0,0
0x732e28b4a2fae96461f6b4cfae8165d8a0d464d6,0,0,0,0,0,2,0
0x73307e983f8843d3e09d320dd4c35cf2783f71f6,1,0,0,0,0,0,0
0x733237b46b1fd6bd3266c9b6daae1c018a9d9493,0,0,0,0,0,2,0
0x73363c05574ee23eae8f891e51ae80cf4787991f,2,0,0,0,0,0,0
0x73390087000b126be1ced616a9df4daff59d03c6,3,0,0,0,0,0,0
0x733984edbb5890419f82f2b37922a8f5f5c53773,0,0,1,0,0,0,0
0x733dcf585e82c3daf788ee44e3faf8c1e7868729,2,0,0,0,0,0,0
0x735ba26f91e1275fa4b504649b19ef74739fe7e7,3,0,0,0,0,0,0
0x736797ce7f301fd4de03ea865a3a91ae3def66bc,1,1,0,0,0,0,0
0x7369bdbcc09c083dccd99a048046c2bbfe96ba0c,1,0,0,0,0,1,0
0x736fcb9221bc56a76116981d010d17a320d7ca73,2,1,0,0,0,2,0
0x737242fc5d432fc40f59bb1aa049436b6183f4f6,2,0,0,0,0,2,0
0x737266521e27933181fb30d058045865e42e26bd,1,1,0,0,0,0,0
0x737717b587fae986354660d023eefbcec4552558,1,0,0,0,0,0,0
0x737f626cf046992e961afa140c748cf604e013b9,0,0,0,0,0,2,0
0x7390e3a0a875d84de8fcbf4caaf32ca112d96466,0,1,0,0,0,0,0
0x73b0ebea28f76be1368d578d13657354330472a9,1,0,0,0,0,2,0
0x73c9275c3a2dd84b5741fd59aebf102c91eb033f,2,1,0,0,0,0,0
0x73e5451bcf4f7c47946abe89c772f3e6576909c3,0,0,1,0,0,0,0
0x73f46f17b1a9712262dc3410b37eae4233f36ff9,2,1,0,1,0,0,0
0x74004a7227615fb52b82d17ffabfa376907d8a4d,2,1,0,0,0,0,0
0x74028170d74751878228cda221fd0ac42a830921,2,0,0,0,0,2,0
0x740dc32814cf8c5824cf8e08312d2a36b2ce7fe9,2,0,0,0,0,0,0
0x741658b62383113da09bb2ed58cc9030046b80ab,0,1,0,0,0,0,0
0x741a26104530998f625d15cbb9d58b01811d2ca7,0,1,0,0,0,0,0
0x741f58cd68d24f361cc0ee0d3aaf7df2bf16132e,2,0,1,0,0,0,0
0x74263f99e21db7c38a319e8ed40bfeca2da791f5,0,0,1,0,0,0,0
0x742686bb1b136b396b59818f42e47a4fc3509394,0,0,1,0,0,0,0
0x742a56a727dac07e0889920b8887d482325f659b,2,1,0,0,0,0,0
0x7430984e1d05d5f447c747123dd26845f6f17544,0,1,0,0,0,2,0
0x7439655b739c936147475a7390f2040282da4766,1,1,0,0,0,0,0
0x743bba828949fce4557bad9a52db488ce6fdff8d,1,0,0,0,0,0,0
0x7440baed1503b5d103dda4893ea5bc59c4bf08d4,8,0,0,0,0,0,0
0x7444eaac0a0fcf472b1dc87362e2de1bfa07ce12,0,1,0,0,0,0,0
0x744a31ede5422355d9c2bd8c44c710404336ca84,0,1,0,0,0,2,0
0x7475e268b2f72f7974cac38d45011c277daf5d90,2,0,0,0,0,0,0
0x7476c85d6dfc144c6b196d8956b4cc2bbfb860f2,2,0,0,0,0,0,0
0x74862570ad7c999d934d2f8e592d8634e2696bb9,1,1,0,0,0,0,0
0x748c6ed3f78f5f06ceb76834f195d3a05b7d628a,2,0,0,0,0,0,0
0x74902714d325e794f50f7e07bd802aa61b5f450d,0,1,0,0,0,0,0
0x74956d3e06b9edfab13f91ac45d8d22420545fd9,1,0,0,0,0,0,0
0x74987e327ec1e6da657afe7ac87e42cb1c1f1d37,0,1,0,0,0,0,0
0x749aba9e082ccb185d1ef88fa514339e3c3368d3,1,0,0,0,0,0,0
0x749dab228c71e650addba8c9875b842ad460a3c2,1,0,0,0,0,0,0
0x749f35ff65932e68267dd82f6cd85eea735d700e,2,1,0,0,0,0,0
0x74a12ce6eebc23c3f785c0ab50d02228587dcc1a,0,0,2,0,0,1,0
0x74a31dc20802cb1e41201af055ce7dfcd31d291d,2,0,0,0,0,0,0
0x74a67602b4e28efc2d012e4f29faad18e0f13cfb,1,0,0,0,0,0,0
0x74b0e3d730f82fc410986c1f18480ede1e256e6e,2,1,0,0,0,0,0
0x74b920485c31f07b2df06f326b465565af6f69e4,3,0,0,0,0,0,0
0x74bbed9bd87e339ad23b52ba8dd91b4cd216d080,1,0,0,0,0,0,0
0x74c2eb8361f45f4f5cb89819ef4c9c22bf7878c0,0,0,0,0,0,2,0
0x74c5ab4757fcdbf8732230ca154498ea0c538239,1,0,0,0,0,0,0
0x74c83a7f46b9c7421ff74fd3161e09f8b16f36f2,0,0,5,0,0,2,0
0x74ccb9f54a8668b6550f3246685e98624b5d0fd4,1,1,0,0,0,0,0
0x74ceda99c44da280f2fd8ea8b5dd43f8b66912a8,0,1,2,0,0,0,0
0x74d13225bc488397212e63dc38b497f6aa7a7a69,1,0,0,0,0,0,0
0x74e345b0597ea3bc5762df0092e6bf8c891a7d0f,1,0,0,0,0,0,0
0x74e711f1179f559e1cd7817050cf198b67129269,1,1,0,0,0,0,0
0x74ed16001a47d0ec3c7ef0ed338c817344466e6c,1,1,0,0,0,0,0
0x74f887f5b336704be1591f8a2f2e419767134316,0,0,1,0,0,0,0
0x750229c6e70aa4b747b1bba2408436d74465381c,2,0,0,0,0,0,0
0x750c1d91864171d7e1715a6b53ee28c72b8faa09,0,0,6,0,0,0,0
0x750c2c3c0d30150968b334c2b80761c21cca8380,0,0,0,0,0,1,0
0x75163374524bac8ca983bea408a0e3f22a1cb25b,1,1,0,0,0,0,0
0x75284b2afcd520613c2da5c71be6b3847a0acbf2,3,0,0,0,0,0,0
0x753b5a6a90981e9fa9d4c6380d76226391c56b0e,0,1,0,0,0,0,0
0x753e7389ecc2566264587522a3e96e12d7a442c9,1,0,0,0,0,0,0
0x7541b76cb60f4c60af330c208b0623b7f54bf615,1,0,1,0,2,0,0
0x755957b8bf4cac92e5291443dd744b3859ea2b8d,0,1,0,0,0,0,0
0x7562eacac20093065c37ec6111baae15f152958c,0,0,0,0,0,2,0
0x75658ed3dba1e12644d2cd9272ba9ee888f4c417,0,0,0,0,1,0,0
0x757df3c3cad364da4bbe0795f1fea5cb7e91774e,2,0,0,0,0,0,0
0x758c5546f5ea74fb52dc73f2f110e46258a92b57,1,0,0,0,0,0,0
0x75a04712f6c2f3ca269e1ebf0fb5c8788884d5b9,0,0,0,0,0,2,0
0x75a17c63c2121447655955b55aaa1a413e750232,0,0,1,0,0,0,0
0x75cb629408d1ea387df0a1f755e0bc371a5fa036,0,0,0,0,0,2,0
0x7609a798cf9e86622364326f5d1e523a030e19b4,0,0,0,0,0,2,0
0x761341ca3b8186323e55c7e801ecbe9b5df41ad0,1,1,0,0,0,0,0
0x7638a5f444eab0281ca1abff2c8029cbb806a566,0,0,0,0,0,1,0
0x763ae93d72c7575cf9df1013e9fe2c08b96d6034,4,0,0,0,0,0,0
0x763d3a11796551b435c8d789086e922625461410,2,0,0,0,0,0,0
0x766d1f049ba649f9a89ae417ba555599a6546b5a,0,1,0,0,0,0,0
0x766f28c22028b55b0bc6d7c56ad006a10403847b,0,1,0,0,0,1,0
0x76712f443a27a1397eb2bb118c572a26765c7b91,1,0,0,0,0,0,0
0x7677b0d1fa1b71e3dc17aae1c9fcf22b13a59a34,1,1,0,0,0,0,0
0x76c6a8d8bd3ffc0bc0a3198cee1f59fc75bf7d67,2,0,0,0,0,0,0
0x7703c35cffdc5cda8d27aa3df2f9ba6964544b6e,3,0,0,0,0,0,0
0x7704eaee68e4c0eb3ee47382391d0227a44bbac8,2,0,0,0,0,0,0
0x77140fd91053d4613407d5253d3151e717d211fc,2,0,0,0,0,0,0
0x77331db23993850d34372c94b804de2461625503,2,0,0,0,0,0,0
0x7747aeb32d89e527e5ebbf646871ca79805989ad,1,0,0,0,0,0,0
0x774853153c3cc175a3606c58d6f27f6b57e72fd3,1,0,1,0,2,0,0
0x77678cfd0f2b55152adc6599db9f988ab28d72f2,1,1,0,0,0,0,0
0x77761e63c05aee6648fdaeaa9b94248351af9bcd,1,1,0,0,0,0,0
0x7777777189c4e413bbe6ea9df6c2b4f34f53cdd3,0,0,0,0,0,2,0
0x777777764382a3ae5e7631570583893bfdea7e05,0,0,0,0,0,2,0
0x777860247bd50f124e11b86e1d7327f77099b0e4,0,0,0,0,1,0,0
0x778608c4ac424522180a43329ff5145400b9d409,2,0,0,0,0,0,0
0x778e763c4a09c74b2de221b4d3c92d8c7f27a038,2,0,0,0,0,0,0
0x77a77eca75445841875ebb67a33d0a97dc34d924,0,1,0,0,0,0,0
0x77af8c290d10882f634267177128cc7d1e893785,1,0,0,0,0,0,0
0x77b3106417d4cf3138882cc21d4710c71183b707,1,0,0,0,0,0,0
0x77c06e263a714b6890f1ffd1a6c267b6f19e41b2,2,1,0,0,0,0,0
0x77c9acc811e4cf4b51dc3a3e05dc5d62fa887767,0,0,3,0,0,0,0
0x77ceff4173a56cd22b6184fa59c668b364ae55b8,1,0,3,0,0,0,0
0x77d4447a3f042d3c88fae21b28d52b905d6c3dfc,2,0,0,0,0,0,0
0x77dbd46264dc9d5d4283c4e3616715195691c4ee,0,0,0,0,0,2,0
0x77de6b2729baff72c220115fe03017c57b57baf5,2,1,0,0,0,0,0
0x77e00640a6343152a35542027ba76407bdde0bb6,3,0,0,0,0,0,0
0x77e38daa72e92ac366aaa7dcf1696b397f303609,0,1,0,0,0,0,0
0x77e89cb283f39ed72f4383c6eec786bd7e7c12d5,6,0,0,0,0,0,0
0x77fa1d1ded3f4bed737e9ae870a6f3605445df9c,1,0,0,0,0,0,0
0x7801382916fa627039495d8f734955cc094afb17,0,1,0,0,0,0,0
0x7802ab7bb21da4dab4d7f8fefbbd278fc1068417,0,0,2,0,0,1,0
0x780c0c651c4f676a6ccadc09e34150f97ce0066b,0,0,0,0,0,2,0
0x780febe2be59cc7e939ffb2fb78797eaf17136c5,0,1,0,0,0,0,0
0x781aca570d581f51a2fac341f768242ae2220bf9,0,1,0,0,0,0,0
0x7824b1007f29757621370b7c87225652c7ad5bce,0,1,0,0,0,0,0
0x782ce82bf1ec7c07de217072eca02c2473ea21e1,0,1,0,0,0,0,0
0x7830cda4a9a2e8fb28b5250d72ede4536b9ff4a0,2,0,0,0,0,0,0
0x783cf9c6754bf826f1727620b4baa19714fedf8d,1,0,0,0,0,0,0
0x7843e028d85a5cf771a5a1f3c1ecafd653b45483,0,0,3,0,0,0,0
0x78477a3683980a31f86fa09e176f90b80fffda00,2,1,0,0,0,0,0
0x785585878feb8cf7cd1e3b9eca0635464c2dd0cb,3,0,0,0,0,0,0
0x7868fc162988289062dbcdb670a3cf6c8da66f84,0,1,3,0,0,0,0
0x787b9a8978b21476abb78876f24c49c0e513065e,0,0,0,0,0,2,0
0x7880ddfa13218bae0a42ea56902de21ff29a82ce,2,1,0,0,0,0,0
0x788b7f9f1200fa3dff1fdf02ebb8b50cce949895,3,0,0,0,0,0,0
0x788ca5935759c06ea223d0e2cf5ea5729d669c18,1,1,0,0,0,0,0
0x789109d185f5f4205d58c533eb831fdefb0d10b8,1,0,0,0,0,0,0
0x7895a43ae537e8e1ac97006ea9235807eea04cfa,2,0,0,0,0,0,0
0x7897ed74a2448c6d539b64c8b3c9b42fc19abc1f,2,0,0,0,0,0,0
0x78a06472d78bfef33270654319b6373d51cf0575,3,0,1,0,0,0,0
0x78a450cc4252d2108233d750b7d07e849f02d1ea,1,0,0,0,0,0,0
0x78a52e12c7b63d05c12f9608307587cf654ec3d0,0,0,0,0,1,0,0
0x78a5d3074256359d9f9b7ad3cda25436b83e2f6d,1,0,0,0,0,0,0
0x78a73b6cbc5d183ce56e786f6e905cadec63547b,0,0,1,0,0,1,0
0x78af82f8924f99cec0afef357105382b8a44708f,1,1,0,0,0,0,0
0x78c2a1e91b52bca4130b6ed9edd9fbcfd4671c37,1,0,0,0,0,1,0
0x78c6b7f1f5259406be3bc73eca1eaa859471b9f3,0,0,0,0,0,2,0
0x78dd22e93357d6f926fa0f7cb860c5e6e1bcf484,2,1,0,0,0,0,0
0x78e24e3c9c81d75b22dd1326987089ce537886e9,1,0,0,0,1,0,0
0x78e6d2bfe731e578a50a4129df89bb4950591d18,0,1,0,0,0,0,0
0x78fadca7874afa0fdee1cafd9a80d6ace86325fe,1,0,0,0,0,0,0
0x79015eed20c9ed322e660701fb299f85f1fa44e6,0,0,0,0,0,2,0
0x7905d550ede2b42a26cae2fb4f81d2ae5a6d3476,1,1,0,0,0,0,0
0x7909209a3d78a66f6d71885f10b6ea7c6c58177b,3,0,0,0,0,2,0
0x7909d3c14e5fb93a508582d04d11093585ebc084,0,0,0,0,0,2,0
0x791af5fcb5198c9f469d66b934864dab43d7f044,0,0,0,0,0,2,0
0x791af7fccfee46330bb02dac1e2585dc6f49c996,3,0,0,0,0,0,0
0x791d0463b8813b827807a36852e4778be01b704e,0,0,0,0,0,2,0
0x793746fb77a0653073edd112a32b33b62c68e8f8,1,0,0,0,0,0,0
0x793bf5b5d34151b276ac212bfaddb915e3a47126,2,0,0,0,0,0,0
0x7957eefc49db8e7c7a11ded53f4604aa6afc0b29,0,0,0,0,0,1,0
0x795890e742865ef9e716a6de1b107e3c3e7a5748,1,1,0,0,0,0,0
0x7963c8c3429b9e3ab655f13b7272106ab815787f,1,0,0,0,0,0,0
0x796a24462adf19bf506a386b198417b05a2ae32e,0,0,0,0,1,0,0
0x7976af0ae2124a0771d5287aa16017b3f9dd43a4,0,0,2,0,0,0,0
0x797d713d8d7a2815ccf3dcf9719e3e9f1712c370,0,0,3,0,1,0,0
0x7982a79ee90eb3682dcee66e47ba79c1cba44062,3,1,5,0,0,2,0
0x7982d996cd2bf4dfa329d91ce139779c23d30fa9,1,0,0,0,0,0,0
0x7996f859a313aab6458558c648e2f1f4acbf5f93,1,0,0,0,0,0,0
0x79986af15539de2db9a5086382daeda917a9cf0c,0,1,0,0,0,0,0
0x7998b7fcf30d4aed870635155cc62aa55be96f9a,1,0,1,0,0,0,0
0x7fcb3bde990a2da95af2c107300d8d628d9195f6,1,0,0,0,0,0,0
0x7fceafdefc16b0f703a43ffb0451ddd2a7cbd6dc,1,0,0,0,0,2,0
0x81a2da0cc03e0e492b34e0e79a2359ae6994095f,1,0,0,0,0,0,0
0x81a50a5b598e60f26130f540ce5d6e78627ad800,2,0,0,0,0,0,0
0x81b4d08645da11374a03749ab170836e4e539767,1,0,0,0,0,0,0
0x83686a73638ff46ee1eb5d28ff2179c41d1157aa,1,1,1,0,0,0,0
0x836f95d2a2f5150200c76f45a0b0679542ab6bbd,1,0,0,0,0,0,0
0x8370b2d10956b9fa1db7faf14bac188a367fe7df,1,0,0,0,0,0,0
0x837768a7231b3363fdddbf6dd89bde1c20dd4676,2,0,0,0,0,0,0
0x837f936009afb90e31751a4e92d9cc9350a92d93,0,0,1,0,0,0,0
0x838b653d5877f92d0d9ecaea0073b479513b3326,3,0,0,0,0,0,0
0x838df5c03147f0b038c24b18af5bb5dee1ffd446,1,0,0,0,0,0,0
0x83970c07dca22c156fe21d116f4cef3a057904bd,1,0,0,0,0,0,0
0x83a611488d53cfcda749c2239c1516ab1c514fe7,1,0,0,0,0,0,0
0x83a9f7c09e2b12b18b91611db6beee0e0329edb1,0,0,1,0,0,0,0
0x83ba853b8196bb51c148dd762a827c703b156450,1,1,0,0,0,0,0
0x83d3abc4e75885db350ace57f99c3a3e00286fe8,0,0,0,0,0,1,0
0x83dc1a0f90bbc5c90d5ccc9c254bf164de4d9dde,1,1,0,0,0,0,0
0x83e969a451253f1026e388ba2e3eef6aaa4cbca4,0,1,0,0,0,1,0
0x83f06e75e448115d7f5e2038814766124c0db8ce,1,0,0,0,0,0,0
0x83f21fc58b04af42c23b5c468ba395319c9a8f60,0,1,1,0,0,0,0
0x83fe7cbb33c1927d5b8201f829562ee435819039,0,0,0,0,0,1,0
0x83ff9580519f9746bc73a1d8048a2f8a8c8c4ca8,3,0,0,0,0,0,0
0x840b42e40a622f82d91ed832fe4019990f57bf32,0,1,0,0,0,0,0
0x840b875acfd1034723a23cb079184c7b56a89b90,0,0,0,0,0,2,0
0x84119cb33e8f590d75c2d6ea4e6b0741a7494eda,1,0,0,0,0,0,0
0x84148e0e8332e5a965ae33aacb84b6b1a3901dc5,2,0,0,0,0,0,0
0x841941debf6a89f673d174d6bbf71b96e69cacb7,1,0,0,0,0,0,0
0x841b42c7ee6a15904d1926bf15ffdb6d30a77723,1,0,0,0,0,0,0
0x841d6e848fe163be5712f1a4f85f11a48a3b47f5,0,1,0,0,0,0,0
0x842d6da3097b5efde5a81535144f947ab482b6ee,3,0,0,0,0,0,0
0x8432a5a61cf1cc5ca5bc5ab919d0665427fb513c,1,0,0,0,0,0,0
0x845581267b3ffcde72a1a98efcffee48cb9ae0de,1,0,0,0,0,2,0
0x845bfe096fbe3eabe473edc3953d8af1b19bbbc7,0,1,0,0,0,2,0
0x846387983cae97bc816edde9f309f25d09203e04,0,0,1,0,0,0,0
0x84675a35c00e824f99ec147ea6518d98f988da32,1,1,0,0,0,0,0
0x84684d48f9983bf959a2b4e88fb9393e90b9166f,1,1,0,0,0,0,0
0x8470c0012ebd1201641620df2ac8600a402725b1,2,0,0,0,0,0,0
0x8476957a872ac0bc253333cc063b6a37f6a6faa3,1,0,0,0,0,0,0
0x848bcb77c97d449312ece071cd999e5f0d30f849,1,0,0,0,0,0,0
0x848d015af507fb3840fee1078ad3a352e0aba055,2,1,0,0,0,0,0
0x8495332b80411cf5114b6c3ecc81deeb65b3951d,1,1,0,0,0,0,0
0x849919acec8627dde44da59e1a9737985d022b9d,2,0,0,0,0,0,0
0x84aa05bfaa2b3cfa3449a1b85171a13f03a18b1d,1,1,0,0,0,0,0
0x84b6241ed47e935597bc5a14d5e9ef9fb53e77de,0,1,0,0,0,0,0
0x84bbdbc288acf38edc73dee016f808cc88a6787a,1,1,0,0,0,0,0
0x84cc06eddb26575a7f0afd7ec2e3e98d31321397,1,0,0,0,0,0,0
0x84cd9cf60bcb44f7bab8b75e6f03614c2c3b22b7,1,0,0,0,0,2,0
0x84d5c939ddfdc3ea033f03e18213a6906f94e0c3,1,0,0,0,0,0,0
0x84f7c44b6fed1080f647e354d552595be2cc602f,1,0,1,0,0,0,0
0x84fe204e5d9f612d2fc92623f6b9bf980e816cb9,0,0,2,0,0,0,0
0x850b581a4411237bb374438b2517f74b7f432027,1,1,0,0,0,0,0
0x850c430378909ba9ff2494d0a4df17928e99f8f4,1,0,1,0,0,0,0
0x8516b43a9b547e4692433340ca9f0a13b5d25d7f,4,0,0,0,0,0,0
0x85179ac15aa94e3ca32dd1cc04664e9bb0062115,2,0,1,0,1,0,0
0x85429f986a5cc38f90de7b4ffa44d570eef04066,1,0,0,0,0,0,0
0x8545f796587f83a865b509d14115a5831121cefc,0,0,0,0,0,2,0
0x85498c7fc2fcf6a984e22546e4069d4f76869574,0,1,0,0,0,0,0
0x8564e222115248d10593cf4a6719fa6d82194e62,2,0,0,0,0,0,0
0x856912680349a406f72e26aa994100b8ad409f87,2,0,0,0,0,0,0
0x85924fdcccb75c47c3d2155ae0a519018164cac0,2,0,0,0,0,0,0
0x85982b3b3b55100dc92752546bfb2fe5ea676a08,1,0,0,0,0,0,0
0x859e7e76caede3b642fc84862809f60c055cb731,1,0,3,0,0,0,0
0x85b510683a35791fb189726a889c25a27e814ebc,1,1,0,0,0,2,0
0x85b794252e7f1b2b24392a5267ff2086c0c3d7d1,0,0,1,0,0,0,0
0x85b9e21db7ebc5bf1bad205b366e1fe4b514039c,0,1,0,0,0,0,0
0x85bae89dcf0598fb835e2e015b72c3c67a65896a,1,0,0,0,0,0,0
0x85c77c93b730bc4f568aff15f98cea8bd7230e1c,1,1,0,0,0,0,0
0x85c8e00c8df97548ee0ec8b519548e7a2d1a386d,1,0,0,0,0,0,0
0x85d29c8126fa8ce5fe26e558feba5969fd0b2660,0,1,0,0,0,0,0
0x85df7eac31157bbdef55f05b0e8f25d3a74f7f88,1,0,0,0,0,0,0
0x8615ddfe9d4c9e58abff01c999731f3e9e556e80,0,0,3,0,0,1,0
0x861a174d677946d8c2bea8f9636a53fde1668215,2,1,1,0,0,0,0
0x86225481747c774b24c7c3bac4c1b7382f787c7f,0,1,1,0,0,0,0
0x862b57e95450f9b07deb2dcedf8fa852c70bb2f5,1,1,0,0,0,0,0
0x8633e144f2d9b9b8bdd12ddb58e4bef1e163a0ce,1,0,0,0,0,0,0
0x863dee7f78ed83477c55077059b14dbd104fd975,2,1,0,0,0,0,0
0x865a0a003b1523fec58e4b8a956d18ecd923a315,0,1,0,0,1,0,0
0x865cae29127a556ae9a0ed9e5f573ea43f83f6fd,2,1,0,0,0,0,0
0x8668ef4534ec8716dede42807084a526ff4904e2,1,0,0,0,0,1,0
0x866b1c78ce40d5fa1201283ad8df3baf31b141e7,0,0,0,0,1,0,0
0x867349b2ecb01c770631a5907a56af415fce6a33,2,0,0,0,0,0,0
0x868822b816bf0292a0c46d89a51b019113537325,1,0,0,0,0,0,0
0x868f77e4758776afa2cc2e46ce972e2043ca8e00,1,0,0,0,0,0,0
0x869eb8a1a479a80f9907673eae8336625dc3e526,0,0,0,0,0,2,0
0x86b300ef935284a99fa5d148a9a6ccc5103b21a8,1,1,0,0,0,0,0
0x86b8057499745b33779ef7ca1a59a00d460e88b6,1,1,0,0,0,0,0
0x86c6a7ee4ec24d25456580d81f7e8f486186ec91,2,0,0,0,0,2,0
0x86c93259896b20e45262dac7499a83a2cad23fe0,0,0,0,0,0,0,1
0x86d4bc8aebee12a65c376539cd92e42d60c260d0,2,0,0,0,0,0,0
0x86d89a3de5c17377ef7d5a49b4b22297210962e7,1,0,0,0,0,0,0
0x86e4dc25259ee2191cd8ae40e1865b9f0319646c,0,0,0,0,0,2,0
0x86e92c595de61fd22c0f0a0458c6eaa63d0b06ef,1,1,0,0,0,0,0
0x86f212e6046b39c7479e5cb6f465d25a3c6da198,0,0,0,0,0,2,0
0x86f91249a10f9872acc96cc352f9a914531a38e5,1,1,0,0,1,0,0
0x8700e5453718244cac9a5257aa82abc9d7bb13af,4,1,0,0,0,0,0
0x870bb7a60eb21f69077d2c38d3de0542a5298e09,1,1,0,0,0,0,0
0x8716fc5da009d3a208f0178b637a50f4ef42400f,0,1,0,0,0,0,0
0x87210f1d3422ba75b6c40c63c78d79324dabcd55,1,1,0,0,0,0,0
0x872b91913dc7279702b7591c970b02519c4615cf,2,0,0,0,0,0,0
0x873467738b5053f155639208b7495318fced5262,2,1,0,0,0,0,0
0x8738498e20cf330f0ca928e91d039c6a6f347b50,2,1,0,0,0,0,0
0x873e4037cfacfaa6837c913604c2de51f2b179d0,0,0,0,0,0,2,0
0x874c3471d459f4107abaeb915cdba6c562cfba3d,1,0,0,0,0,0,0
0x874d4a7a8bf2abda5489cdbd62bd785c23e5531f,3,0,0,0,0,0,0
0x875ee23ab07f56476d9029720b43008c20477b38,3,0,0,0,0,0,0
0x876617584678d5b9a6ef93eba92b408367d9457c,0,1,0,0,0,0,0
0x8766ac6304e0198c876dd55bf400f3e035431574,2,1,0,0,0,0,0
0x876c6fbec71a498155cfa811f9d10fd3bb67e4c5,0,1,0,0,0,0,0
0x87897374ea98260343d8d3e5076b12dd0d09956a,0,0,0,0,0,2,0
0x87a05bacd70ed024a3abc5d56b902ec4cc4c9d6c,1,1,0,0,0,0,0
0x87af260d1f637661dcecb6e4efcb4f74963c9539,1,0,0,0,0,0,0
0x87b3a2c40e63ef9410da6c985a1501fe4972c4e4,1,0,0,0,0,0,0
0x87b87a7583d8d8f15b58bdd290318386ac8ee174,1,0,0,0,0,0,0
0x87b9d30c83317d1c07f49c7583bef7e8eea24107,1,0,0,0,0,0,0
0x87c260900c391559fd2816c9fbf078de37e2f520,0,1,0,0,0,2,0
0x87cdabc87128476d84462eb9c5a67a7acfa7889e,1,0,0,0,0,2,0
0x87d1ccf428832015d6108520d6d0909013753a62,1,1,0,0,0,0,0
0x87e960f996e789ca2c8415fc449e4720adbe0497,2,0,0,0,0,0,0
0x87ec4ae05076bf9d2afcd48fa151c6fb4071e59d,0,0,0,0,0,2,0
0x880016750db7d4b040a0d9b15aad966fa47cfea4,3,0,0,0,0,0,0
0x8815df7e7e92b9b038658f0870e062548136e8cd,1,0,0,0,0,0,0
0x881f21d3e2d2d4f48d815f41bea8dbdcf0e24e50,1,0,0,0,0,1,0
0x8825026b162401cc50f2a614a1c2354aa59e8496,1,0,0,0,0,0,0
0x882da60a19c67e481481bace4c0aa93080cde3d7,1,1,0,0,0,0,0
0x88355a32a8c5cc399aa09b9d21ebcba935ae5d2f,0,0,2,0,0,2,0
0x88496dd0bb932b060e9c7c4ddc8e1b72b1e39451,1,0,0,0,0,0,0
0x887834d3b8d450b6bab109c252df3da286d73ce4,1,1,0,0,0,2,0
0x887e1988f7d697df22aea1207a5e1831ad3065ef,2,0,0,0,0,2,0
0x887ed27475f60f2df56fefc1f18f3aa8da65fb22,1,0,0,0,0,0,0
0x888934de736b7f5244f006a655f3bcd71ef0979d,2,1,0,0,0,0,0
0x888a5c3f9f3744ff9189aa3af567e1fffc25a3ef,3,0,0,0,0,0,0
0x889a32263d237872b4f7985ead9c29ebfe8b464d,0,0,0,0,0,2,0
0x88ac7fbe0024b025ea61db8c7389aab7e75cf2ee,1,0,0,0,0,0,0
0x88af078337afde014574dbc6027a1db75d629b76,0,1,0,0,0,0,0
0x88b51fb1efb62c8931c125a31c72eb0cdd66a809,3,0,0,0,0,0,0
0x88be9be70c825b85c5ac81183a07975269b549ca,1,0,0,0,0,0,0
0x88c1f00df493673f72aa0481187a0ff8c5ad0e14,1,0,0,0,0,3,0
0x88c46a325254d19f12403643e12356c1a195c88b,2,0,0,0,0,0,0
0x88d4f99341de4afdd94cfb7c1c67c885b79ba6bc,2,0,0,0,0,2,0
0x88eded8712c5ea071c56284a2078336a551e4eda,2,0,0,0,0,0,0
0x890ee942fdce38034e3d3813344649c77a29e68f,0,0,1,0,0,0,0
0x89234fab776fb68ec3c33529aa66f09b69a7b5f0,0,0,1,0,0,1,0
0x8931961707ee848671c6e805ab0d459edaa8a060,0,1,0,0,0,0,0
0x897d6c6772b85bf25b46c6f6da454133478ea6ab,1,0,0,0,0,1,0
0x898545050a2739c349df55813bded581e6f2bb8b,1,0,0,0,0,0,0
0x8993db1795b9a7b317b98ebfa4c971f225bf1248,2,0,0,0,0,0,0
0x899850f5b7f34d213a01802c727e7a59a88487a1,4,0,0,0,0,0,0
0x89abe09fd87559ea272df627e38156705304bd80,0,0,0,0,0,1,0
0x89b5eaec2702ab0ff33ca397b3e66c7d925d5144,0,0,0,0,0,2,0
0x89ba76904495e6acd96d73713139a1cb1bde49a0,1,0,0,0,0,0,0
0x89dd662cc0651a6f3631a617724525f2ff373b1e,1,1,1,0,0,2,0
0x89ee867da0daf5260df8d7530348337faeb968b3,0,1,0,0,0,0,0
0x89f1b57ed86c23067b97ed2aff479f424cdec184,1,0,0,0,0,0,0
0x8a113a57e74aef531bee8de7e16e604916f053ac,2,0,0,0,0,0,0
0x8a18d7e7bcb1dc4db0f71aee2421a3d9af53f93f,1,1,0,0,0,0,0
0x8a538bec312d6d2d864e1672f7cae6a6de1a73dd,0,1,0,0,0,0,0
0x8a63a921b5d678b4a27dc81e44321923e297b4cf,1,1,0,0,0,0,0
0x8a6bc1397dbe756a04217c15be8097d3fbcaf4ba,1,0,0,0,0,2,0
0x8a96115b0fdc06ab845cf7d5196c80d8ebec4130,1,1,0,0,0,0,0
0x8ab7404063ec4dbcfd4598215992dc3f8ec853d7,0,1,0,0,0,0,0
0x8ad0a831b7a17b322e8aebd188a4a8eb3bfdb5e8,0,0,1,0,0,0,0
0x8ae546782bd5c25715afaffb028ce9ee2cbe7bec,2,1,0,0,0,0,0
0x8af9e74991044827449946d334a478b6fe8f5740,1,0,0,0,0,0,0
0x8b34fbc553db3462ad4909f2e5577cc22f63c216,1,0,0,0,0,2,0
0x8b3934dd548be05022a8484ac41b8303ec4a88b3,0,0,0,0,0,2,0
0x8b548505babfd983fc45210499b44e340bb85d76,0,0,0,0,0,1,0
0x8b5e31d05c3df25f809f2f82af098e8396ad82c8,1,1,0,0,0,0,0
0x8b6c0dbc499eaf97f54b54fe0019a4c676db534a,2,0,0,0,0,0,0
0x8b7027881bd7f5538aa4c07a5ecb2b41149ead24,1,0,0,0,0,0,0
0x8b7d609e51f22acaf0dcf935a147945caabf2457,1,0,0,0,0,0,0
0x8b7ecd94c8be850de5733a48f3ef548d2999f6e6,0,1,0,0,0,0,0
0x8bbb3375d2401da181711032f658c52252b03275,2,0,0,0,0,0,0
0x8be453b8a4a834638407b39b6dbc5e7bbf6c1ce2,1,0,0,0,0,0,0
0x8bf1e43e3ca6f5c25c380803154ae687d682ad32,2,0,0,0,0,2,0
0x8bf98ad0e7d8d4924c6a52f6e4b87f96d3a278fa,1,1,0,0,0,0,0
0x8c211128f8d232935afd80543e442f894a4355b7,2,0,0,0,0,0,0
0x8c28350a9449397f6ccbc61dd724601193a5dea0,2,0,0,0,0,0,0
0x8c3cd81e8987e44b8d8702ed6d5791b346d0e1e5,1,0,0,0,0,0,0
0x8cacd0fa3b9a4b0a8734f0f1c1da162690a50ab1,0,1,0,0,0,0,0
0x8cce51969a93ee5235e5955b8e3d649db7f10b81,0,0,0,0,1,0,0
0x8cd06b5c327b0e277a7f6b08b9acea4d8ee36180,0,0,0,0,0,2,0
0x8ce188196892455fb131dea104bc3ba4e8516654,3,0,0,0,0,0,0
0x8d2242b308e81c773ef3c1b1e78968fb670c1870,1,0,0,0,0,0,0
0x8d3659bdcb63bdfe4f224e94f35bcf4901755d18,1,1,0,0,0,0,0
0x8d3bf3f8ad4b19d3143a24aeb953315609acb083,1,0,0,0,0,0,0
0x8d3cba67b9a6364e18f7a37ab848d316c9c38a04,0,1,0,0,0,0,0
0x8d40e75ed0bcc4ca13aa4113738898f9779858be,0,0,0,0,0,1,0
0x8d46facfb889740a345755e624942257dc87b5ac,2,1,1,0,0,2,0
0x8d48a44a80092439c58d5eb537fbc98863d9b303,1,0,0,0,0,0,0
0x8d4b2cffe2dcbbf06eaa5920401db86ca5fb8177,0,0,2,0,0,2,0
0x8d4eb49f0ed7ee6d6e00fc76ea3e9c3898bf219d,0,0,0,0,1,0,0
0x91ca47b9ec3187c77f324281a1851f4b991103f1,0,0,1,0,0,0,0
0x91cdb5bb5969bfed2373e97378354052bbc606f2,1,0,0,0,0,0,0
0x91d8bc302b50245c6d9041ce9988d425452154a6,1,0,0,0,0,0,0
0x91db07e4401c2559c7eb8290a77a0feef50843fd,0,0,1,0,0,0,0
0x91dfe531ff8ba876a505c8f1c98bafede6c7effc,0,0,3,0,0,0,0
0x91e1dcfbfe7b6be8ac836d08fb493b085ebbb3ef,1,1,0,0,0,0,0
0x91f2203f273677e68d47786b62efbd9497594698,1,0,0,0,0,2,0
0x91f5f7fa8c7030f4d1ce841142386ebed7589ced,3,0,0,0,0,0,0
0x91faad742b9f829423491b286814cd609f121cd4,2,0,0,0,0,0,0
0x91fe28b2e059cb89aab4c763fc059bdb73e6bdc8,0,1,0,0,0,0,0
0x920231a0e58d685f29ca3838777093fad88f665f,1,0,0,0,0,0,0
0x9214c43b602f68bb0c8968f43d702865bf1b225d,0,1,0,0,0,0,0
0x9214ec02cb71cba0ada6896b8da260736a67ab10,0,1,0,0,0,2,0
0x9222740a4351abda9d83f3c7165c556e802f920e,1,0,0,0,0,0,0
0x9224ca23168a20bc1b5e2a1627edf783e193d39c,0,0,0,0,0,2,0
0x92251fd0e744f7c5aac55c60c98ddafc48e97e18,3,0,0,0,0,0,0
0x922bcf2a9bd398a3ca942bc66436d8c4de57b83d,0,0,3,0,0,0,0
0x922c591cc3a51253953d7006a6f1dc7413670697,1,0,1,0,0,0,0
0x922c650a44d6b2f9ab761792f8cf60bd944fdcce,1,0,0,0,0,0,0
0x922e2b947cfd0fa0a2e8b5279e02dc861cbc5c09,3,0,0,0,0,0,0
0x923108a439c4e8c2315c4f6521e5ce95b44e9b4c,1,1,0,0,0,0,0
0x9231ab0a173398c4575a8899ce50d7d2537a9cc6,0,1,0,0,0,0,0
0x9233ad76758f642483e903b9ad45ed9b0b1d4ef2,2,0,0,0,0,0,0
0x923641c6b80d8fc913ff883a5c523f47081bad92,0,0,1,0,0,0,0
0x9238bfb781a55eacc3cf05f7df94038c198cd9b9,1,0,0,0,0,0,0
0x9249133819102b2ed31680468c8c67f6fe9e7505,1,0,0,0,0,2,0
0x9249dd4b12af8d8a0490fe1923bada3e5cc83c07,5,0,0,0,0,0,0
0x9251efccb139465204e3d6e3269a73b212f24a5f,1,0,0,0,0,0,0
0x92575d350284d64a1c74a0b6cb1dd16334d43e0d,1,0,0,0,0,0,0
0x925adafd3d45203f8929f0e877c4663079e63075,1,0,0,0,0,0,0
0x926e81009c2fa4475e1c798a8c43a4f598575c80,0,1,1,0,0,0,0
0x9271a6512b8f27a5f8daa01a62bdc533709e859a,0,0,2,0,0,0,0
0x9283df9554419641f2cab66af4876f9de8526e4c,1,0,0,0,0,0,0
0x92891fb5abe9049e181ca49ce04a9872c0c1ca44,1,1,0,0,0,0,0
0x92949bd74c4d21852a3d9f7dfb841fad2833302b,1,0,0,0,0,1,0
0x92949fc876ca4c3617d5f5cf4c7e284020bf07f8,2,0,0,0,0,0,0
0x92972bbc89708127016046c150e3a223431a31e0,2,0,0,0,0,0,0
0x9297a9d824e2f2d6f2dff2b871cb9e2f3f4f77d2,0,0,1,0,0,0,0
0x9299ccef011d2d8faf76b214c8549c14bc918035,1,0,0,0,0,0,0
0x929e1bd67410b8673377b33cd4a17567207733d7,2,1,0,0,0,0,0
0x929e488770ae5218cf4bb5387a390bd36b2135dd,1,0,0,0,0,2,0
0x92a414b4f14bb4963b623400793d5037e1fb399e,2,0,0,0,0,0,0
0x92acd2c2442eb6242960bda85c4ea8ee34bcd61b,0,0,0,0,1,0,0
0x92b12168afde3b068fdb201ff42c407be27d15ad,6,0,0,0,0,0,0
0x92ca7bec7a5acdea3c38ba9fca2ac4e2cf5a88ff,1,0,0,0,0,0,0
0x92cbf8b291fd6d2f1f1d2f5786be6aaddfd099e4,1,0,0,0,0,0,0
0x92ccb32f34ca7abf1e0f5ba9b0167b607ea6b5ac,1,0,0,0,0,2,0
0x92d01e9128878aeca1db66695b22e420ccf27712,0,0,0,0,0,1,0
0x92dee36a50f66c603e15b9ac07338ec0046f902f,0,0,0,0,0,2,0
0x92df18fb8cf2f4035eb277f9f91fab4a4857b3fe,1,0,0,0,0,0,0
0x92e52a1a235d9a103d970901066ce910aacefd37,1,0,0,0,0,0,0
0x92e55c6ee3171779174cebb27211120b730c155c,1,0,0,0,0,0,0
0x92eb85cf258cf4f28af209ec102e29841a501134,1,0,0,0,0,0,0
0x92f6096a93a6ebb6bc439831a7f30f1e6020f184,2,0,0,0,0,0,0
0x92fbdf44015cc37e1fc459f0db4c42006204ca67,0,1,0,0,0,0,0
0x93047ce776e3decdc837598f5a752083ccfedb32,0,1,0,0,0,0,0
0x9311f7ee5f48a807d598cdd68f43cd4e73ffa747,0,0,0,0,0,3,0
0x93143d3e34a50aebab466368c3455fd858f77ad3,0,0,0,0,0,2,0
0x94588247e31dd13c6fbecda4cea7b91533b57246,0,1,0,0,0,0,0
0x945d886e3859cc683c368ee3390b1c2c332dde46,1,0,0,0,0,0,0
0x945f171de4ea81a213dcc7a1e8c4f6feb3b4b806,2,0,0,0,0,2,0
0x9ac36892387ed90df9af3de1b7082153f08f3ef8,0,1,3,0,0,0,0
0x9ad685a3eaa6b0a1ea601f48b7797a12011fdeb0,0,0,1,0,0,0,0
0x9adc8a707ee86497461472c4055e039d99e70d6d,0,0,0,0,0,1,0
0x9b0fdba9173f47a2930ac838ab02b4c2a0040f89,0,1,0,0,0,0,0
0x9b11b1b271a224a271619f3419b1b080fdec5b4a,0,1,0,0,0,0,0
0x9b274af474ee59db9d1e9ab1181da35deda34c28,0,1,0,0,0,0,0
0x9b2f30c69f31559c99a04dcdfa19de1b1cf9d265,0,0,0,0,0,2,0
0x9b34c356f4e976a2d1a65abac5ae3fd9cf57bb58,0,1,0,0,0,0,0
0x9b36e12d6e8c6592694bc5271a622bf40b8b81ec,1,0,0,0,0,2,0
0x9b481067ef9773d52efd0fb5b665a5dc0c8e1a68,5,0,0,0,0,0,0
0x9c3b979e2d9cb9d851fc29869ab4bdb1851b4d48,2,1,0,0,0,0,0
0x9c406e291f41eb50f152dec37196d01f751b5656,0,0,0,0,0,2,0
0x9c425e6ef7451e687815323e340df1cef474709d,0,1,0,0,0,0,0
0x9c49b65ddef30ad4a32c0ff6bf103144cd7733fc,1,0,0,0,0,0,0
0x9c4d051974cdf3deb4d504ec24eac42b5e4e8847,0,0,0,0,0,2,0
0x9c731584b4422c9f7f7cfd6909b36a72b76ae115,2,0,0,0,0,0,0
0xa032e135d6509c7e13c43f07b567edf4071f5636,1,1,0,0,0,0,0
0xa1292ec56f9b78b0fac3f9b80baac133078dd087,1,1,0,0,0,0,0
0xa13034912eca36ddb8a0b62bc86251006d8296d6,2,0,0,0,0,0,0
0xa136c92b43643a5aabf7e8fdf44f25d90bf78b9e,0,0,2,0,0,0,0
0xa13aed9570ff7d811fa37a6036d45216b7fee792,0,0,0,0,1,0,0
0xa140297bd7aa035d6a4d5abc29b787555aae109f,1,0,0,0,0,0,0
0xa146240bf2c04005a743032dc0d241ec0bb2ba2b,1,0,0,0,0,0,0
0xa1506902f8ca82dace3176575e740c78aa29fc02,1,0,0,0,0,0,0
0xa150cb42a7ea9a1862dfae982099ebfd4e2123df,2,0,1,0,0,0,0
0xa15b24b7b883aac6bc6582b0057c09d62a7a1b2c,1,1,0,0,0,0,0
0xa177916265c6f647c8e0bfbed396aec1596d6af8,1,1,0,0,0,0,0
0xa181b8c9f6b43b8252c6c9826cf5feba362b542e,0,0,0,0,0,2,0
0xa182e841de328bd94090e02e7df1acbeb1aed677,0,0,0,0,0,2,0
0xa1877c74562821ff59ffc0bc999e6a2e164f4d87,1,0,0,0,0,2,0
0xa19118ddbabbf3d538db6a46578f3260e26b89b9,2,0,0,0,0,0,0
0xa19b3464fcbb9667afdedb26934b9a4683194d94,1,1,0,0,0,0,0
0xa19fdf84f56c91e7e805c3a5a47613132b112b91,2,0,0,0,0,0,0
0xa1a156f6ef22f13f6fbaf8e1d11c7bf26402bd2a,1,0,0,0,0,0,0
0xa1a6cea5c52461028c8d436428ceddb6ce8e7ddc,2,0,0,0,0,0,0
0xa1a85a763b252ff7253b8829d4fb60d526e517ca,0,0,3,0,0,1,0
0xa1ad52ff49fc70b7920b7d02483a58beb15d492b,0,0,1,0,0,0,0
0xa1b522e7985bbc9e543dfdc0c9752b140ee8447d,1,0,0,0,0,0,0
0xa1c15f52d51b436a4aec29e5dc6e9ccfdc50c229,1,0,0,0,0,0,0
0xa1c449ae115ac8e5148b49a761eb9827e8126347,1,1,0,0,0,0,0
0xa1ce63fffc453e9d7961208a163325bf5ce20ed2,2,0,0,0,0,0,0
0xa1d14c78423dd7bbfdd1bb472da2efdcdf808939,0,1,0,0,0,0,0
0xa1d38ef843553322a338cdd7d6134565ffba97ab,1,0,0,0,0,2,0
0xa1edc78199a6e56fd52f69cf7c10f67ded15185d,0,0,0,0,0,1,0
0xa1f1fc153936a3880412743d1b180fa65b63eece,0,0,0,0,0,2,0
0xa1f30d32e650cabc0be20b921a014c30052145e0,1,0,0,0,0,0,0
0xa1f87895550eac6a8e9e4318466f482612a5986d,2,0,0,0,0,0,0
0xa1f92d575f522e7d3e055c78e0909ac0ece4e102,0,0,2,0,0,0,0
0xa1f97bdba0d176d4bca55265913e57246d7fb8f2,1,0,0,0,0,0,0
0xa2013d1688dafed6830220d73d66728be31d4c31,0,1,0,0,0,0,0
0xa2038ce672658f492fcd9e4fdaa1a3c530011a8a,0,0,0,0,0,2,0
0xa206d217c0642735e82a6b11547bf00659623163,0,1,0,0,0,0,0
0xa20875f826317859c5268edddac6082e48e3e40e,2,1,0,0,0,0,0
0xa20919723470a4530f6bb55d8b96240401379b09,3,1,0,0,0,0,0
0xa20f317e3b6fe80ff76ee908860ecdb3edea4893,0,0,0,0,1,2,0
0xa211db1867e4fa5dc0dd4d8f51f177a51d054d94,2,0,0,0,0,0,0
0xa212156581b12d6b4f953da0f898af9fb62db72f,4,0,0,0,0,0,0
0xa21c9a3ae47103b1fd1dfa04766c4d00c19e1ff6,0,0,0,0,0,2,0
0xa2201234a4652a704f5539058ccb9ab6ebcd486b,1,0,0,0,0,1,0
0xa224496d1295a3392005d6d78494ff8b92aaaea2,0,0,3,0,0,0,0
0xa22563a4b1db2cf75a53ef44118024b0f0e531fd,1,0,0,0,0,0,0
0xa226aa0c9039808f72f3ef62205b7be58da12fef,2,1,0,0,0,0,0
0xa227d444a52fd21c3a848c7650bc2cd5832f6487,1,0,1,0,0,0,0
0xa2310206fd3fff0b66e03407eb03ed1ada4acecc,1,0,0,0,0,0,0
0xa2388330bcb4b3d5f6395a3f5999fecb73960af3,0,0,0,0,0,2,0
0xa23a42b2bb161b0ab7bbcbd72bea54952e5299fc,0,0,0,0,0,2,0
0xa241907ff6ce19b9cc11658123bedd11ae567915,1,1,0,0,0,0,0
0xa24f50fa560d2ec57956955f929273e899994bca,1,0,0,0,0,0,0
0xa25d9e3c177a45265349d4bd37b23ec2669dea5b,2,0,0,0,0,0,0
0xa25e8050f80ee99a17e861cd0931d5d362caa34e,1,0,0,0,0,0,0
0xa2651bfa1d613fea0f7a3138e442e4ee865b5ec7,2,0,0,0,0,0,0
0xa26640d8a467a957f195c1ff566e167d457a8087,2,0,0,0,0,2,0
0xa26d5253ab96e04afe51b4c1614b29b11889d3b1,1,0,0,0,0,0,0
0xa2795a7bf26de447a2e83d0779bab6badffb1a3b,0,1,1,0,0,0,0
0xa27f262391913a5e21216c70de5358a1e887de25,0,1,2,0,0,0,0
0xa28b5854df048bcd5eec522fada1c6b7ea006aae,0,0,0,0,0,2,0
0xa28d6584ef672f5fb549ec05a701ef43785cab79,1,1,0,0,0,0,0
0xa2909e1bcbb24b285741db27a11bfa5706ad4ae5,0,0,1,0,0,1,0
0xa29b72fe0db1f305861a641c16d6e7e35967914b,1,0,0,0,0,0,0
0xa29d3d850d169eca564e71a02c13b7d76bc0eff4,1,0,0,0,0,0,0
0xa29e71cb2e30e8af956d64b025b88a5ca3d7ecd2,3,0,0,0,0,0,0
0xa2b5ca48fc2f8517c5e6077046a17e57d346dab5,3,0,0,0,0,0,0
0xa2ca188716c7fc51644d16d331346e7928a56d21,1,1,0,0,0,0,0
0xa2cc818ea84f25eeb007fdef3daf8d935e4faa98,1,0,0,0,0,0,0
0xa2d8fa4a15943f32f1bda104308519d33ad894ec,2,0,0,0,0,0,0
0xa2dfd314cb3fcf821300a2e518469b6544ad6a84,2,1,0,0,0,0,0
0xa2e59b1c5e64130d06f08a99cd5eda8af9c68b8a,1,1,0,0,0,2,0
0xa2eb247c2bebbd233b455a6c798ceba81e3aa320,1,0,0,0,0,0,0
0xa2edca10311a70883c5019b51048f55fd1508fe6,0,0,1,0,0,0,0
0xa2f000b776a64770e1a3e1e43e63296f5f029451,2,0,0,0,0,0,0
0xa2f5fa2c90fe3f959aafd2a42ea9c4ada668b682,3,0,0,0,0,0,0
0xa3021edfceb3ae86ff67bf92b0d87f71a4eb0219,1,0,0,0,0,1,0
0xa304100e0d17a972f34ed8a961034ce2fc47f9ca,0,0,2,0,0,2,0
0xa306c8fb61cdf9e46562851a2bcfa62e887e59e3,1,0,0,0,0,0,0
0xa3076afebed9558e3c09e7bbb913f611a1547619,2,1,0,0,0,0,0
0xa31b52ee117b946741c5fb49f010ed1d56b443e0,1,0,0,0,0,0,0
0xa322e495e36c18cc888e445fc09fba88e5ce164e,1,0,0,0,0,0,0
0xa34af5196a9dd30e85dd39e1632eb579e3427230,2,1,0,0,0,0,0
0xa35f8ec479ba1f8113b27636f1dfa3ae30c3eeae,1,1,0,0,0,0,0
0xa3afe717038d4e12133d84088754811220af9329,1,0,0,0,0,0,0
0xa3c3134b360d8ccf17c4cd8709204e31a7365aa6,1,0,0,0,0,0,0
0xa3d48af5b7541658e7b663905f11433f1b4074f5,1,0,0,0,0,0,0
0xa3ea961ea44bafa061fe7b2ece819d2a8ceb69b2,0,0,0,0,0,2,0
0xa3ebd756729904ba2a39289751d96d9b2eac793b,1,0,0,0,0,0,0
0xa3f5411cfc9eee0dd108bf0d07433b6dd99037f1,0,1,0,0,0,0,0
0xa3fa17c51a77a79808f3c21948de3ea70391ce6a,2,0,0,0,0,2,0
0xa3fb790dc13fb4f12dc4243129f521be41b7a98f,2,0,0,0,0,0,0
0xa3feedc649f1742f0f7aee3d1a4f9111757c87d6,2,1,0,0,0,0,0
0xa41aa09607ca80ee60d2ce166d4c02a71860e5c5,0,0,0,0,0,2,0
0xa427451a26d3419d75cb79f835c4b2e898a93ba4,2,1,0,0,0,0,0
0xa42868496e6b98d655e4a820801d8df8f4abe2b3,0,1,0,0,0,0,0
0xa42bc6227dde3962a4950a59f3c2fc6233a30ed0,0,1,0,0,0,0,0
0xa42c5aa9735eca0db714f02de9dc2a56e405dae7,3,0,0,0,0,0,0
0xa44fb3aa5c8465512b806145a8f9b60e74f3f851,0,0,0,0,0,2,0
0xa48813e7aca6ff2e60916e0c6e4433d2d0fb03bf,1,0,0,0,0,0,0
0xa48bb4d1baff077e9c45dab5d70db59537e8ab79,1,0,0,0,0,0,0
0xa48d3b79f43477224933e492e42f5cacf4091ecc,3,0,0,0,0,0,0
0xa49cc7bb3437d67ae57979ddc9d1ef68a4f91461,1,0,0,0,0,0,0
0xa4b01cc6f2fde9d5d84da419bee4359819ae210b,2,0,0,0,0,0,0
0xa4bd6e2f6d54f00bfe306cb916f2e36e498e12e4,1,0,0,0,0,0,0
0xa4dd9ad3da2d074f63b3993e7d5d7fc4ab37721a,4,1,0,0,0,0,0
0xa4dfa7a7754ed1b8dc9fd0885e9c7dbb4b8c8819,1,0,0,0,0,0,0
0xa4eb64a59adcb1628fedfcf08bb2cced149f8b9b,1,1,0,0,0,0,0
0xa4ec44afee34feffbae5ce4218d3c06ebd70455e,1,0,0,0,0,2,0
0xa4ed447954fb44b737a294adf458a73aa12dcec8,1,1,0,0,0,0,0
0xa4ef5964f146d2526c51fc40caa244e45edce136,2,0,0,0,0,0,0
0xa4f74f8f3ec758033cdb7b3e8df053efdf717362,1,1,0,0,0,0,0
0xa4fd4ba726139d42d7b7cf18a064600cafac4f97,0,0,0,0,0,2,0
0xa5225ec025c1765fc925c0051955ad80d9965755,0,1,0,0,0,0,0
0xa524828a504da3486b70c7b07eb0a7d3a157ae56,2,1,0,0,0,0,0
0xa52b0a032139e6303b86cfeb0bb9ae780a610354,1,0,0,0,0,0,0
0xa52d89b535b68e955a516a49c5fa3f6f501ead6e,4,1,0,0,0,0,0
0xa54c4c9ca270e5b1775f000872bd48c11755068e,2,0,0,0,0,0,0
0xa5555cb406546f40e82704f75f4011e76984937c,0,1,0,0,0,0,0
0xa56585d7f8f4d96efe4449402e650b60336aec9a,1,0,0,0,0,0,0
0xa575aea29bcf52afa55113b3b1b9e3813143d10d,4,0,0,0,0,0,0
0xa5763bf433f2f154b798b924fb2f6c54137b3522,2,0,0,0,0,0,0
0xa580853c469fa5edaaf59acc69ef0cacde325af5,4,0,0,0,0,0,0
0xa5816b5fdba5ee1d983a94f156651c9dcc42850a,1,0,0,0,0,0,0
0xa5818774ffb1405d7684c92892c990ba6939828b,3,0,0,0,0,0,0
0xa589fb6491d807d95b6a3750d9faf60a23df78d3,1,0,0,0,0,0,0
0xa59dee0eb75df81cdca2b3d437d078f4df35e75c,1,0,1,0,0,0,0
0xa5a15631eb0aa1d178cf2d2c6bec7732a80eab03,1,0,0,0,0,0,0
0xa5b1685b23db36859611cac03e0c68daf0e3c0a1,1,0,1,0,0,0,0
0xa5b2fe34d84824c6699c3e8a4139a1efde989b18,2,0,0,0,0,0,0
0xa5b46ff9a887180c8fb2d97146398ddfc5fef1cd,1,0,0,0,0,0,0
0xa5bd843ea5fbf56e1579f7d99fb68efe4e07185f,4,0,0,0,0,0,0
0xa5c463308e36e0ef97004e6e88e032c16a2e09d1,1,0,0,0,0,0,0
0xa5cc679a3528956e8032df4f03756c077c1ee3f4,0,0,4,0,0,0,0
0xa5d1eb8bbb42b7f2ebbebf174b3966510243f30c,1,0,0,0,0,0,0
0xa5d6accc5695327f65cbf38da29198df53efdcf0,1,0,1,0,0,0,0
0xa5dc0165b798779ac80acc84c4da4ee77b79843f,0,0,1,0,0,1,0
0xa5de32ca3112d17f508437f6ce4fe9b04fff4a3e,0,1,0,0,0,0,0
0xa5e109d5879b81cd58f209ed29cd7ea43180eb9e,2,0,0,0,0,2,0
0xa5e5be69c923c701ae6ac8f1f5936af3ae610c68,0,0,1,0,0,0,0
0xa5f1dbb0e55bc31f32c6d032bee330288490e722,2,1,0,0,0,0,0
0xa5fd1a791c4dfcaacc963d4f73c6ae5824149ea7,2,0,0,0,0,0,0
0xa60354005b3897bc684244b593fa6f5f18ecd13e,1,0,0,0,0,0,0
0xa60fe9c4fe222f20d66e6cfab2eafaee9fbe16da,1,1,0,0,0,0,0
0xa614bbfc9f7411ac008c78bfdd1a7f9e0e5180db,0,1,0,0,0,2,0
0xa61b4f7843920e43611c48f182784777a1f77f12,2,1,0,0,0,0,0
0xa6237a177c4e0fc24818649bca7ce5ab44933a00,1,0,0,0,0,0,0
0xa6239853ff98b88367f6fcb003790654395d322d,1,1,0,0,0,0,0
0xa6281838f4a9c5736b2aa1cba9260d3f879623ca,1,1,0,0,0,0,0
0xaa3fbfaf03cd50e6a44d27d10eb14333d1c02e52,1,0,0,0,0,2,0
0xaa4250216f77a79fd9983642a987f708f1fe7504,0,1,0,0,0,1,0
0xaa4ec8484e89bed69570825688789589d38eea5e,1,0,0,0,0,0,0
0xaa4fd1781246f0b9a63921f7aee292311ea05bf7,0,0,0,0,1,0,0
0xaa5059814a9412bd161a53a6a69625906701f91d,2,0,0,0,0,0,0
0xaa5725375313fd8c002d1eea04afd04d99156ea0,1,0,0,0,0,2,0
0xaa57e849341a2899110ba676a49302c069251d19,4,0,0,0,0,0,0
0xaa5eb02bdaf93190922365f4e6326e1131dde3e4,1,0,0,0,0,0,0
0xaa602de53347579f86b996d2add74bb6f79462b2,0,1,0,0,0,0,0
0xaa63c8683647ef91b3fdab4b4989ee9588da297b,1,1,4,0,0,0,0
0xaa652d53909b01c5a6b8e7cd814f9adea18c08f7,0,0,1,0,0,2,0
0xaa6bf83784570ce6e114aec683b6b23ca30cf763,1,0,0,0,0,0,0
0xaa6da59f02ac6335ff0dbb896323181a8431a675,2,1,0,0,0,0,0
0xaa6e73f27efdecb282baaba5914dc23a41fc233c,3,0,0,0,0,0,0
0xaa70bc3e835e12d6902a8e4da77db4842e519c42,2,0,0,0,0,0,0
0xaa746780d844379ae5ef9f9f7daceb59ba6fde57,1,0,0,0,0,0,0
0xaa840b1138d31cc4a5fcd9545ed03441ef2a1213,1,0,0,0,0,0,0
0xaa855d6ecf41dd5cf29dad369fb9400231979af8,1,0,0,0,0,0,0
0xaa8722fb1c9eec9b6c32a90dbe9aa4c9eff19f55,1,0,0,0,0,1,0
0xaa88e4e83055f144a9f265a217d5727c8b0df57a,2,0,0,0,0,0,0
0xaa8aec21ca455873f63bdd570d81674ae5bb73d5,1,1,0,0,0,0,0
0xaa91a17611945c53a31c1e13969b908d59eab66e,1,1,0,0,0,0,0
0xaa93338ef3b64a50dcfb2eba57a1eb4ad59d955b,1,0,0,0,0,0,0
0xaa9b22f0e3e1e3dc88aa868571b4b0daa60f446b,1,0,0,0,0,0,0
0xaaa73b4a5411a4249b723722cb1bdabfaed495c2,1,0,0,0,0,0,0
0xaaabd58b6d94b21859f9fc2b4e829f532283cf69,2,0,0,0,0,0,0
0xaab0a030f3504dba3634b721fc03f42bbcc02c42,1,0,0,0,0,0,0
0xaab606817809841e8b1168be8779eeaf6744ef64,0,0,0,0,0,2,0
0xaaba7639c12dba5c518cc753d22c064568dcef54,2,0,0,0,0,0,0
0xaac4bd00745b72f49fd1d32862cfdac8a1bb80eb,2,0,0,0,0,0,0
0xaacde6c397863f496f2ccd8d0a5d95f92f3b5fb0,1,0,0,0,0,0,0
0xaacfbd1f81351a7e748f4a4a43c31d892a33f27d,3,0,0,0,0,0,0
0xaad173ac5c9be705af9edd278917b8a86c0b5aee,1,1,0,0,0,0,0
0xaad265e5de9bc49908faaab43f7b5f2adb931722,1,0,0,0,0,0,0
0xaadb05f449072d275833baf7c82e8fca4ee46575,0,1,0,0,0,2,0
0xac7fa90a250d8240eea4d7f8b89294b55ed84b9f,0,0,1,0,0,0,0
0xaf6dbf545cc245c00b425d02e545b6ecc1527f3d,2,1,0,0,0,0,0
0xaf7002581c95e18f0803136aff93a9040956b068,0,1,0,0,0,0,0
0xaf7188dbaa4e9a25864827cc9b9a72f663017834,2,1,0,0,0,0,0
0xaf860eb1d70ffc3842c6a1004ce89a7ade043f25,1,0,0,0,0,0,0
0xaf8ce1b205be2bfdede58d8f923f610463658148,2,1,0,0,0,0,0
0xaf8eabf89f5664a2bc82ca415a4337821cd54d65,1,0,2,1,0,0,0
0xafa4d6513e811f6fea5134214ab3bb1df824c4a0,0,0,0,0,0,2,0
0xafa59ea4399b5f55135ea535962efb796b7981f9,0,1,0,0,0,0,0
0xafaeb51b058999a84354f5e45b44a1649519bcff,3,0,0,0,0,0,0
0xafb4fe1315504c92c3ed3657cd600712a8938aac,1,0,0,0,0,0,0
0xafbdd9d46f5ce898204e75484008a442b594b409,1,0,0,0,0,0,0
0xafca09726310a2b8e5fca4200f818a5e6bd0cf50,0,1,0,0,0,2,0
0xb387be1e10d56bd7c6849b7be9d6aad564854d72,1,0,0,0,0,2,0
0xb3939627b9775c3b76c05138d281c7f92e251aab,1,0,0,0,0,0,0
0xb39673a1f27ea2da6fd299368fe9fdbae4bc408f,1,0,0,0,0,2,0
0xb39b66a7273b83bca1f2f618672302485b391f92,1,0,0,0,0,0,0
0xb39d10435d7d0f2ea26a1c86c42be0fd8a94f59b,2,0,0,0,0,0,0
0xb39e9b7edf793611b615faa6e546ed68a23f7006,0,1,0,0,0,0,0
0xb3a0dc0daa5ce33fc14a142c0fd4a1586c4e8c82,1,1,0,0,0,0,0
0xb3a9d2e554c653b7712753c0e8616cca20b14c56,2,0,0,0,0,0,0
0xb3aac808b10eb65b74b59deb4f1998b52327bd1a,1,0,0,0,0,0,0
0xb3b31a7cdd980375b30e1c9d11be918cb74e770c,1,1,0,0,0,0,0
0xb3b3fa00a534ab0c7437bc5e9f4f97f1f98b930d,0,0,1,0,0,0,0
0xb3b476df77086b227d480c99b69b08a77631f2cf,1,0,0,0,0,0,0
0xb3b8ab5e3d4b03050bdf42595d7f045dd62b4c22,2,0,0,0,0,0,0
0xb3bbc0cc040413a3e68dcaa8f2b6eac2957c5ce0,1,0,1,0,0,0,0
0xb3bff5e980da2d46c29833b7a36a26df644ee4cf,2,1,0,0,0,0,0
0xb3ccb987036d9e93ea895aa78378e137f72a5e84,2,0,0,0,0,0,0
0xb3d031000f66e87400e8e4951eb70c9ee7bb0823,1,0,0,0,0,0,0
0xb3d0ab9fac5005c15a7f3d4c4205cc1e83fa3e2d,1,1,0,0,0,0,0
0xb3d5b5cea80ac61083ec9948b4b507a0f22df71a,1,0,0,0,0,0,0
0xb3d5cb3487ab2ce24172e2f4791d5c638324fce7,1,0,0,0,0,0,0
0xb3dc3c839a02134f9932cbd60f3566c231cc90cc,0,1,0,0,0,0,0
0xb3e396f500df265cdfde30ec6e80dbf99bee9e96,1,0,1,0,2,0,0
0xb3ed21d5475817134c8f086d46dd1b5f6c49de0a,1,0,0,0,0,1,0
0xb3f48d38ace4b44c710ba32cb5aea66c0f533571,1,1,0,0,0,0,0
0xb3fa04a6fe3df11147dd12909d4d4ce0eace915a,1,0,0,0,0,0,0
0xb3ff7db1bf593f97ebcb45a5a4ce20b647a65a34,0,1,0,0,0,0,0
0xb4007597da3402a1e2b69c8e1c6dd753d01a8035,0,1,2,0,0,0,0
0xb402be8db1d9eb2beedfe2c8a6c38a604e9f13c6,0,1,0,0,0,1,0
0xb40b8e3c726155ff1c6eebd22067436d0e2669dd,0,1,0,0,0,0,0
0xb41654a43aae0d7d17701c612567b4243aa9cd6c,2,1,0,0,0,0,0
0xb417fa71a03a9badbf962589f2478353fd5693e2,2,1,0,0,0,0,0
0xb41ae4f3a164145629602468ecffcf0eb59e559c,2,0,0,0,0,1,0
0xb41b531359330d76bbcb0f1a24f94ff6bff30dc1,2,0,0,0,0,0,0
0xb41e2608a97a4057b4cf2d485357693034253851,3,1,0,0,0,0,0
0xb41e96d68e9016f03480d98663caf02ba15958cc,2,1,0,0,0,0,0
0xb42359b3aee091fd4a2fb798bf6a8839c7902ed3,0,0,0,0,0,2,0
0xb429ecbd7cda1cb82cbe0ae9044310d2f74de67c,0,1,0,0,0,1,0
0xb42ce9d2a22061b7d5e569753f92edbaa2dad37b,0,0,1,0,0,2,0
0xb42f5366792ed7c08995451c1a93780b7554762b,3,0,0,0,0,0,0
0xb42fc86a49d6b772bb43cd031157d4aa557e387a,0,0,0,0,0,1,0
0xb430244b442c228a59a0fd4450fa7eedd5fbf833,2,0,0,0,0,0,0
0xb435a693f4d453a72a3a094ed3f8e4cb721f66c2,1,1,0,0,0,0,0
0xb43c257e493e16e83c9212fad4ad2c87ca09cc09,1,1,0,0,0,0,0
0xb444208cb0516c150178fcf9a52604bc04a1acea,0,1,0,0,0,0,0
0xb444264c33ef3c8f9ba46df194826c22d54d0d12,1,0,0,0,0,0,0
0xb44a823579aa618b96d6f20a3330901e85f96f73,3,1,2,0,0,0,0
0xb459571c4d5b8119ab76d0a5308106c61f9918c5,1,0,0,0,0,0,0
0xb45d7bc4cebcab98ad09babdf8c818b2292b672c,1,0,0,0,0,0,0
0xb462d45329f4f3b4c670790ac355fb26eace41c8,1,1,2,0,0,0,0
0xb463ffd52534720186eb18b3b90a94bf12d61619,2,0,0,0,0,0,0
0xb471c695dd5ea02035275d4b88077490c1e380ba,3,0,1,0,0,0,0
0xb47670e40bdf1fbd34753f9ac360e613af9001f4,3,0,0,0,0,0,0
0xb47b1ea3a294df2502a54ccdc1bbe49d71fc8a10,1,0,0,0,0,1,0
0xb47e3cd837ddf8e4c57f05d70ab865de6e193bbb,6,0,0,0,0,2,0
0xb47e9b43ee0772abac3856a1adf8f90c0e6c1067,2,0,0,0,0,0,0
0xb47f7059e3706c0ccf270ba11f1747a137f9fd12,1,0,0,0,0,0,0
0xb487d45f2d2a93b84e8f8c5074e256896bbf7d9c,2,1,0,0,0,0,0
0xb48e28b7de69e921e37c9786f11a6f73274777ef,0,1,0,0,0,0,0
0xb4910fe410240d2b79c557250adc767a9bc930c1,0,0,0,0,0,2,0
0xb4933b15b21924af2c18012c4da78b182f060107,2,0,1,0,0,0,0
0xb49c61b2da035bf198815a0d43f108530a834cce,1,0,0,0,0,0,0
0xb4a3fb248d39370c1f8081b73fa7098167c8142b,0,0,8,0,0,0,0
0xb4a448387403554616eb5b50aa4c48f75243a015,0,1,10,0,0,2,0
0xb4a525631fb867ce79e6dd07b86b9a098501acd5,0,0,0,0,1,0,0
0xb4b330972e302081ebacd054f4305a3af4103f0f,1,1,0,0,0,0,0
0xb4b58b6ca30e18fa96de0fbbf9ac363aace33277,0,1,0,0,0,0,0
0xb602f224523c89c80dd8e970573291c63beeb778,0,0,2,0,0,0,0
0xb608234c8308a66a7674753fa425b39460990f23,0,1,0,0,0,0,0
0xb60cfc056a3f201ce4f421655d5fcb535b8d7ca5,1,0,0,0,0,0,0
0xb613aa71ce4630e955548a61d089617e8e2f509a,0,0,1,0,0,0,0
0xb619e84adddd3e336c5dda1e1b40719c846d9030,1,0,0,0,0,2,0
0xb61e53dec5217f3d6661ab0e42e5083767238911,1,0,0,0,0,0,0
0xb61fb596b0cc9fa829d678eb0b8a0e058c3f1b91,0,0,0,0,0,2,0
0xb620cee6b52f96f3c6b253e6eea556aa2d214a99,0,0,1,0,0,2,0
0xb8c6107f66152fa908111e2963878ad04c89b125,1,0,0,0,0,0,0
0xbb558c3fdb17ff0394ece6967c56c08207d0b4bc,2,0,0,0,0,0,0
0xbb5b059f574204c344cd3096b420fe563f242890,1,0,0,0,0,0,0
0xbbbecd6ee8d2972b4905634177c56ad73f226276,1,0,0,0,0,0,0
0xbbf283a1386b1b5e258eec60f27f775972c68571,2,0,0,0,0,0,0
0xbc078bfb16e155fc18f9648a2c92a4c46a853728,2,0,0,0,0,0,0
0xbc3183980eaea0976068c133b10d7a77dad7563c,0,1,0,0,0,0,0
0xbc46d9961a3932f7d6b64abfdec80c1816c4b835,0,1,0,0,0,0,0
0xbc4976ceaeae6c019f826a1e89a6d9cb1a2970bc,4,0,0,0,0,0,0
0xbc5e7120e1e917c6ba34e94b3a29016f64bbd2c1,1,1,0,0,0,0,0
0xbc78b98df6bb85ba7b16c0b4efc34b12d4ab5901,1,1,0,0,0,0,0
0xbc7981956a44b5c5de21ad30aec8099c3ca27dba,1,0,0,0,0,0,0
0xbc83e77e15aa600f447d9421ce84c21298eae93b,0,0,0,0,0,2,0
0xbc90c835f2bc5255078cefc2a9c37cde0db2cae5,0,0,1,0,0,0,0
0xbc97f1508fdeb0a63b25f3a4806b62ef5370e8ab,0,1,6,0,0,0,0
0xbc9e2998e284540e21b28e5c2358be7291059e97,1,0,0,0,0,0,0
0xbca5b3524e2d52c38fd6ca6dd10233575baa8533,3,0,0,0,0,0,0
0xbcc030ac90f91922ecd4b766613665939d4db5a0,1,0,0,0,0,0,0
0xbccfe34a2c6c59e396d2873d0d5bcb4736c8e2e7,0,1,1,0,0,0,0
0xbcdbb16c645816842b6ae7ebea8baa4b35203e73,1,0,0,0,0,0,0
0xbcdc85a62e5f29930a43cc20d15fe96786873084,1,0,0,0,0,2,0
0xbce22ddb0caeb744060b814c57b4c88bee7337a6,1,0,0,0,0,0,0
0xbcef236c69228f004da2fa693c3347946798e0c3,1,0,0,0,0,0,0
0xbcfb62d206543f74f162bef85fb65b5fb7afd828,0,0,1,0,0,0,0
0xbd04617f9bee584c0c45923a2d7971a64cea9297,2,0,0,0,0,0,0
0xbd0706f616b8d465d87583b727df8478ed1496fd,2,0,0,0,0,0,0
0xbd11eae443ef0e96c1cc565db5c0b51f6c829c0b,3,0,0,0,0,0,0
0xbd3476e32de1077e049d0c4767c650230be38bda,0,0,2,0,0,0,0
0xbd35aefa375b57a801ddc87615aef1e9f353df28,1,0,0,0,0,0,0
0xbd4ab8b9c26c4888e2792cac6d5793efea9ebb20,1,0,0,0,0,0,0
0xbd5ff93a6ce6019f0e69227d88d11e5772dc853e,0,0,1,0,0,0,0
0xbd677963d9bc990ee8fb7de06e1a63bf6850c2d1,2,0,0,0,0,0,0
0xbd686dd09bedc1eb81451c5972cc7b0e4bce4e3f,1,0,0,0,0,0,0
0xbd6a3418cb51418c94cc11d2d49012a2b79e10fe,1,1,0,0,0,2,0
0xbd791314f50c8854866ce4db764b3031d7a9a68e,1,0,0,0,0,0,0
0xbd80161e3c4d7d18ec8f86002da2529f1e4b034b,2,0,0,0,0,0,0
0xbd8b5ce4c64bdee0f33989e87bae71b3392924d2,3,0,0,0,0,0,0
0xbd91b8e4d0afb1b7fc19bca93a74a1c531bd125c,2,0,0,0,0,0,0
0xbdae4cb65e1c68cd9cd41b73c93ae3d331acad5c,1,0,0,0,0,0,0
0xbde3e294e28709399b81d20689e351c7b1008773,2,0,0,0,0,0,0
0xbe2a1d562817b6064e0568a4dc9e2c80f7478dfe,1,0,0,0,0,0,0
0xbe4041d55db380c5ae9d4a9b9703f1ed4e7e3888,2,0,1,0,1,0,0
0xbe407e7f8687965412c31f259eb16f75c44fc80b,2,1,0,0,0,0,0
0xbe4411737170e852ea275d235145ceab77e0fe73,1,0,0,0,0,0,0
0xbe4eee50c1fa98b8f2f0edcc4cccae6646b4ce2c,0,1,1,0,0,2,0
0xbe585e9ae9d7e3277b2541dbac105c4ed540f806,2,0,0,0,0,0,0
0xbe6a5ce2c1684dcbd172d6d090c6572a4cf1b802,1,1,0,0,0,0,0
0xbe8ece679540913c6e8746775e823c55fe96df93,0,1,0,0,0,0,0
0xbe96a69b2836201d9cbad2c485681dc7a4cc39b9,1,0,0,0,0,0,0
0xbed054a85299561c8e17b393cda91fa690d6bd28,0,0,1,0,0,0,0
0xbf008cb93c2b19c3ae0db4149bcfa465b2ea0888,1,0,0,0,0,2,0
0xbf2000b42c1ba2eb9e5163a0b7e2fe987ed124b4,2,0,0,0,0,2,0
0xbf3f792573e6bee4aea45a8e3d6c8543c39c78b7,2,0,0,0,0,0,0
0xbf43a143881de80700f63a7da29819d1b0a7d027,0,1,0,0,0,0,0
0xbf5fb038c28df2b8821988da78c3ebdbf7aa5ac7,2,0,0,0,1,2,0
0xbf6008bd7ac150e50fbb4efe6aa6af5ae47362b9,1,0,0,0,0,1,0
0xbf72e6157ae27c203c88e668361760a7dac6cf88,2,1,0,0,0,0,0
0xbf74cc2839b4b639062e37b6ea53f3ed7964132c,2,0,0,0,0,0,0
0xbf86573a245dd29a86a3a6ea6c5f38552dd3215f,1,0,0,0,0,0,0
0xbf8fb919a8bbf28e590852aef2d284494ebc0657,0,1,0,0,0,0,0
0xbf92c30ecebae64ae5ab0361f9010d7317be3c50,2,0,0,0,0,0,0
0xbf95d4957d481473e39c70d3bc08896740e3ca96,0,0,1,0,0,0,0
0xbfa48ef73b319083b7e1d5831071cf0dcf2f7875,4,0,0,0,0,0,0
0xbfaacfdecfbbcc7ea8c17e19c8f4f84c523267de,1,0,0,0,0,0,0
0xbfb3b6972a814e2f6ed6d6fb9f9e47cd0b13720a,1,0,0,0,0,0,0
0xbfb7eee5dbc373433a97431fd5a3010b53e16378,1,0,0,0,0,0,0
0xbfba5d637ccb3015ee97cbb27128dc4bebe2bd46,1,0,0,0,0,0,0
0xbfc70f2151b471794422fd06480933192f3da674,1,0,0,0,0,0,0
0xbfd78659212f00de65a6411dadc75878930725ec,0,0,0,0,2,0,0
0xc01b78e62a4d1fdce58d364193ee1218832919fd,1,0,0,0,0,0,0
0xc0360a3507655e619cdf7e6ca616d9ddec4dec95,0,1,0,0,0,0,0
0xc03b0dbd201ee426d907e367f996706cf53b8028,1,0,0,0,0,0,0
0xc040d0af51f34221b5f96b65d916ff176361fae1,2,1,0,0,0,0,0
0xc04829e8edd4402d030cf81eff3e25df0e84baa1,1,0,0,0,0,2,0
0xc07c972ac722eb36f5911fdf89dfe978ef36988c,2,1,0,0,0,0,0
0xc08dcf2fa37b87a89ac7f0fdcb4aebda378dea29,1,1,0,0,0,0,0
0xc094367b4c79564b6c8b4218f84dea835b2c2dd0,1,1,0,0,0,0,0
0xc094d10e8c0f5f507bb986f01b0c44a83cbf8440,1,0,0,0,0,0,0
0xc0952584ddd2735a237f844dab59bde737e7fe14,0,0,1,0,0,0,0
0xc0a1f89bbcaddab4b736e786b6b16c67bc92ed35,0,1,1,0,0,2,0
0xc0adf1ccc703a0a3393892600883a1a91a4e38de,0,1,0,0,0,0,0
0xc0c45cbb1dce225cf620c36807a1cdecb85feda5,2,1,0,0,0,0,0
0xc0ca7bd6f54341bb871f6106acde6ec4d65c1f91,2,1,0,0,0,0,0
0xc0d766017141dd4866738c1e704be6fedc97b904,2,1,0,0,0,0,0
0xc0d9655d69bdb764ca3f69a8771e87e133fabd94,1,0,0,0,0,0,0
0xc0eb85285d83217cd7c891702bcbc0fc401e2d9d,1,0,1,0,0,0,0
0xc0ffeee61948d8993864a73a099c0e38d887d3f4,2,0,0,0,0,0,0
0xc10b919e5a2d2d5ad2241ddfa851345cb8bf4d0e,1,0,0,0,0,0,0
0xc146026bc792e0835a79694f80b61028dec3dddb,0,0,1,0,0,0,0
0xc14c848a2a5945e1a415976fc059550ecbe7b034,1,0,0,0,0,0,0
0xc165c159d3b19c36ca1a84f6841a801af47c9c03,1,1,0,0,0,0,0
0xc174df91a00d55a235a2d1d1d245e9a70b923173,2,0,0,0,0,0,0
0xc1dcb60c2ec168c8078064903abb746c566a230f,1,0,0,0,0,0,0
0xc2149ced2e1e6fc976c24391059b09fbe970cafe,2,0,0,0,0,0,0
0xc28c2a4266f76fec6ac90aabcc17b3aee3b958d1,2,0,0,0,0,0,0
0xc310755f88145cabcaa06c714cd668b5465dceaa,2,0,0,0,0,0,0
0xc317e1a103b5ba8161614c4e69f2bc49165841b3,2,0,0,0,0,0,0
0xc336e10dee4cab01248cf3b1747b52d78394c77a,0,1,0,0,0,2,0
0xc350ebf34b6d83b64ea0ee4e39b6ebe18f02ad2f,0,0,1,0,0,0,0
0xc352add7ad8cac8baa839d8c88e7e9d7df9a219b,3,0,0,0,0,0,0
0xc35924a3661bbadabbba4f1823fa74fcafcb08ef,1,0,0,0,0,0,0
0xc35d0837d49aa399022e133ba141b85d8809b137,0,0,0,0,0,2,0
0xc37172f6a954e3a779f5117fd751c5e870164e01,0,1,0,0,0,0,0
0xc3758ba9d0851dae0abfeb65ab439138deb3d3e3,3,0,0,0,0,0,0
0xc378bb8f3e155e5e561eb4caa337c4a35c34c2ba,1,1,0,0,0,0,0
0xc37b74c1f1d6a0f9a6ebd4bd846805f899b5e897,2,0,0,0,0,0,0
0xc37feb2c5583e5d87e5c96de3c62235bd74042fe,0,0,1,0,0,0,0
0xc38ad3f7a5438e04e77b3e39ecb9eb483aed6bdd,1,1,0,0,0,0,0
0xc39459f4d3d9c87551f7c0fb0982bfea0d14dda6,1,0,0,0,0,0,0
0xc398891b43f1b91158dca87c63a88b80d000c248,0,0,0,0,0,2,0
0xc398fb8a6c71a7b130043bf5a3f05d9d51c2cac8,2,1,0,0,0,0,0
0xc399b1882426d97ab2a9fbd63841ed7e7f9dd8db,1,0,0,0,0,0,0
0xc3a684140448995f6abeb361c56110207da04d57,1,0,0,0,0,2,0
0xc3c412b97dc3355f1bd060223e75fb047c869197,3,0,0,0,0,0,0
0xc3de3a8e888a53ec6d449dabfedaa05d1303d9ad,2,0,0,0,0,0,0
0xc3e329ca5380c6b416cf095ed1a662c378a2b630,0,0,1,0,0,0,0
0xc3e43d422d5e6f94315622d96a96058689c52ec8,0,0,6,0,0,0,0
0xc3f7d0ffc7862918a371331b71ccdb3cdfa2b922,1,0,0,0,0,0,0
0xc41585205b83b7c643a37b87887c97cf31cb8867,2,1,0,0,0,0,0
0xc429e7b63dc30b51f5a7e4be23fd5eb4baf8a1c3,1,0,0,0,0,0,0
0xc457904208116d0998abfcd2c5bd1cd0d7666aee,0,1,0,0,0,0,0
0xc4581e49d306f4df9e672ac9b31a7b2da5fe1d5b,1,1,0,0,0,0,0
0xc45865b235a7c6693b9db5fed46ea8a3022d9b07,0,1,1,0,0,0,0
0xc4791980ccd54a5f048c798c7d68bf519c1d4683,1,1,0,0,0,0,0
0xc48b1ac1417db27c4e2c2ed3dae5a3d2fbb07dc5,1,0,0,0,0,0,0
0xc48e4349d482296c32bb7ca430466f324c694d34,1,0,0,0,0,0,0
0xc49e03bdd6809fd168565b26d27d5cf72f9e9525,0,0,0,0,0,2,0
0xc4a0ab20f1901c24740e06966cca9d5f2e5d5e79,1,1,0,0,0,0,0
0xc4a43cbae3a93c560f2e5bfe3b144a4a940220fd,2,0,0,0,0,0,0
0xc4a9f69bcd373565038c6f0884864c931650394f,1,1,0,0,0,0,0
0xc4aad17558fa95c8937d0856b2dad74c1a7a095f,0,0,1,0,0,2,0
0xc4ab0f59c4d8bb15e237906a06a736d965a2c390,0,0,1,0,0,0,0
0xc4af56cd5254aef959d4bce2f75874007808b701,0,0,1,0,0,2,0
0xc4b4d02f16337985c65329a07d18726f262a50bb,0,1,0,0,0,0,0
0xc4c06df5c799bec6ee6e4652beec86e5cfc94778,1,1,0,0,0,0,0
0xc4cbb8a3117f0738330fa139ca8ffbb13e8932fc,0,0,1,0,0,0,0
0xc4dc589b8eb5f44d6c36e0dc8fdc7a96bbe33bcb,1,0,0,0,0,0,0
0xc4fd6c87218a2c0f2f7cfed260e1778d62020688,1,0,0,0,0,0,0
0xc4ff0412050fafbd9e697b1931a23ea41f4cb26f,1,0,0,0,0,0,0
0xc5005344d52758ee2264be257a198b50f884711b,0,0,0,0,0,2,0
0xc518086f77b45498fabdaa93bdbea24393c7fed6,2,1,0,0,0,0,0
0xc525f0671bfd370fbd2a4f25d473ebdb041042f9,0,0,0,0,1,0,0
0xc52694e7832594f2aaf2536c777024fb5c1ae9da,2,0,0,0,0,0,0
0xc5392940c99a9e02c47feea448c2474fb768f65c,1,0,0,0,0,0,0
0xc53a9f4dca6a6e514ff192496d6a30e4b5cd6bc2,4,0,0,0,0,0,0
0xc541e02e7d66cb5cbd7d33d1874dcc3f028ad75c,1,0,0,0,0,0,0
0xc5431cb71f527fc74ea487717e93b4606ee6df26,0,1,0,0,0,0,0
0xc551c26e420f710be3fca711d2bff247cd332c3a,0,0,0,0,0,2,0
0xc55a13e36d93371a5b036a21d913a31cd2804ba4,0,0,0,0,0,2,0
0xc55cef4d21c3b879b7a6e7ba3e0f848fc111e2a4,2,1,0,0,0,0,0
0xc55e5e72911fab07ef912c58e6dc168d73348820,0,0,0,0,0,2,0
0xc56a477ceb26c50ecdf00863c2a0c8b4399c8828,1,1,0,0,0,0,0
0xc574fc434cb74344eaafe8bcc69ab1b12dbc01d8,1,0,1,0,0,0,0
0xc58492b3b14f658adff566c988029308505f81b5,0,1,0,0,0,0,0
0xc58d783e39aabe61a4bce8d4b5e7264e67c92c27,0,0,0,0,0,0,1
0xc58f1f3ec051b51f10c4feb0cfd10d811d055ef5,1,1,1,0,0,0,0
0xc5903fe72a9530e4382187f729ccc050d7e89fae,1,0,0,0,0,0,0
0xc592c63a86d03d1ac2aad4a0a2d5cd1eb724ddba,1,0,0,0,0,2,0
0xc598508e1ab5d917c873fa836971e774f99d470e,1,1,0,0,0,0,0
0xc599523f90dc823b9c9dbb3859e22774b46bf6ba,1,0,0,0,0,0,0
0xc59cb23295e2deeb66bd090acb6b02be8d30a11f,1,0,0,0,0,0,0
0xc5a1443d41ea9a694a8ebd999b9bced08cf4ca90,1,0,0,0,0,0,0
0xc5a626b0740b808045436a88e7aefc79b98d0e0a,3,0,0,0,0,0,0
0xc5b106f17246b2f5c0c658dbd6e8d168695806ab,2,0,0,0,0,0,0
0xc5b4b4a9b3d15d6d7e07922a42bfd6a850777f21,1,1,0,0,0,0,0
0xc5bec3ade41766f7a3faa737e67a133ec0cf4d4c,1,1,0,0,0,0,0
0xc5bfe943aef3df9f2e7a2722a752d9fa252a7335,1,0,0,0,0,0,0
0xc5c6901ce205c6668757cf51a736577624dc78d5,2,0,0,0,0,0,0
0xc5c71da6fb89ea9c27422415378df634b9e9d511,1,1,0,0,0,0,0
0xc5c7774841f57c977319ed861d94d15ff4c8e161,2,0,0,0,0,0,0
0xc5ce9c06a0caf0e4cbd90572b6550feafd69b740,0,0,0,0,1,0,0
0xc5d3b25a2ca77316b637106a749cd5e92a8e4702,2,1,0,0,0,0,0
0xc5d88472c4b2383281f007a6512895f5ceb7a3b0,2,0,0,0,0,0,0
0xc5e1510dfb5942f0af172af9c3ef3eef46e945c2,2,0,0,0,0,0,0
0xc5fc544685efd0e5b6cd57d6133522825828cc19,1,1,1,0,0,0,0
0xc6038f9ff35a3f2b00f9747b483bced7b024015e,0,1,0,0,0,0,0
0xc608f567bcf51b0d84edef669b9d7d47440b7bb7,1,0,0,0,0,0,0
0xc612928546d66b07c31d6c817756a98496517892,1,0,0,0,0,0,0
0xc62c957c60bd4f632f6fb896ec42057b1eccc547,2,0,0,0,0,0,0
0xc62d95e625334deca9f59e968cc46c6d963c1344,1,0,0,0,0,0,0
0xc62f4acf4c25243ee2f3647c7f381ed4447d12f6,1,0,0,0,0,0,0
0xc6421ac09d20597ef8cdfcc8a89255fd2e3b51e4,0,0,1,0,0,0,0
0xc64500dd7b0f1794807e67802f8abbf5f8ffb054,2,0,0,0,0,0,0
0xc654928ecf5f984ef72c806ec9b6e2d213c90818,3,0,0,0,0,0,0
0xc6567b2be42c208bc6875b9ae6b07d0618738c39,1,1,0,0,0,0,0
0xc668715818831645cdf0eee3a9b84590fa979e65,1,1,0,0,0,0,0
0xc6689eb9a6d724b8d7b1d923ffd65b7005da1b62,2,0,0,0,0,0,0
0xc66c48132e4de2bd2ef922e75eb84c87c9ce7660,2,0,0,0,0,0,0
0xc66e78b1078ba0e65d311c92854dd446451b2ba6,2,1,0,0,0,0,0
0xc6720198a6f7ee5711e3491b14a5fc821174295c,4,0,0,0,0,0,0
0xc67e520f6ff27552411c458cf3cf6a920dbd0832,3,0,0,0,0,0,0
0xc6c3ae1e6ac193e5a71ec144dde1c93b4a3de47c,2,1,0,0,0,0,0
0xc709c316555ae3002ccc1c0ff7bd2ba83b9cd067,1,0,0,0,0,0,0
0xc70be5b7c19529ef642d16c10dfe91c58b5c3bf0,1,0,0,0,0,0,0
0xc710772a16fd040ed9c63de0679a57410981e3fc,1,0,1,0,0,2,0
0xc711348eb06f6918f8eae66ce3fcf4747345d78e,0,1,0,0,0,0,0
0xc7193d5fddfaeb18e814b6473a1623e697c6e7bd,1,0,0,0,0,0,0
0xc729c50c19d3b2f0049c9eec809b5cc175dbf489,2,0,0,0,0,0,0
0xc72b15684922d3bc090c3d3426e979c7ab2588b4,0,1,0,0,0,0,0
0xc7348910405008d2038ec0be1fe16c2b7c6fb8bf,0,1,0,0,0,0,0
0xc739ae9ba934f937636a2ebaaf1ecdf04e11ef2f,0,0,1,0,0,0,0
0xc74629dbb6458688581accfda1f54b5fe6b16305,0,1,0,0,0,0,0
0xc74b66be9e70b02c23bbc841629bdd2c5ce51503,1,0,0,0,0,0,0
0xc750e94211eacbc2c768a2f06aed6d05577aafae,2,1,0,0,0,0,0
0xc7665729dccff66f8f1b8676434f0ae4a9bfe511,1,1,0,0,0,0,0
0xc767b1cec507f1584469e8efe1a94ad4c75e02ed,0,1,2,0,0,0,0
0xc7740d000d9931769291da0352bbe7c6b27bc97d,0,1,1,0,0,2,0
0xc77c69fb69fa5dc087d0f1c236a7bafa3119736b,3,1,0,0,0,0,0
0xc780b0272bbe7caedb6b47157d88ce51b324da58,0,0,0,0,0,2,0
0xc7836a42559499cf6aa4e057c010ef09b89f97b3,0,1,0,0,0,0,0
0xc797f7d82962157b4c73d43dc7723df0f82c0194,1,1,0,0,0,0,0
0xc79d1b9d77dcf62add2f90c827e87e29d5934d37,2,0,0,0,0,0,0
0xc7a8bdeb5a2124805328bdbb2b93539cb49dc15c,0,0,0,0,1,0,0
0xc7af952076f9cdfe93227260a44d8e8e3b424fb3,1,1,0,0,0,0,0
0xc7b17e5ea5a3e4f3147167e7c165167f1a670ff7,2,1,0,0,0,0,0
0xc7b62900c4860bc20f8561ee53d9a888b2ee411b,3,0,0,0,0,0,0
0xc7badba75f30582c653f647f8eba1afee8692986,0,1,0,0,0,0,0
0xc7bd5dac314a67a375a0347d72797c2ea1f1a672,0,0,2,0,0,0,0
0xc7c79f7d8b02c5a573e7bfde8e392bc532eabe99,0,1,0,0,0,0,0
0xc7cbd16654cf938e6c9cc3ade88ae9ee21c27edf,1,1,0,0,0,0,0
0xc7db6a0e78efb4d64bb06359faf83420f04cfb52,3,0,0,0,0,2,0
0xc7dd5fc5cd6488088b30e7e2fa302fc8b8a55ddf,2,0,0,0,0,0,0
0xc7df14a8289efe7a2d3399387302fdf86e7adc4e,2,0,0,0,0,0,0
0xc7e4a9147601fdbc7d1c2fb8b6c2ffcb2469f293,0,0,0,0,0,2,0
0xc7e9445a701fbe8bfc21c70b62ad777e4173db54,1,1,0,0,0,0,0
0xc7ec86c02bf9b8e84a7222e272f8da1ba718eb1e,1,0,0,0,0,0,0
0xc7f1c3500496771b2ef4e17ad10624131ade5cd9,0,0,0,0,0,2,0
0xc7f4ade4874e06a20fab9c5dc4f1dd8b6d85faf2,1,0,0,0,0,1,0
0xc7f9e84971744a27f34cef862faf80a1c9b77497,1,1,0,0,0,0,0
0xc80143a2ffb9620ffc7e2e241bc8cec34599bd52,0,0,0,0,0,2,0
0xc801e2ca666fdfcb43cf29b972d7f3731436e4a1,2,0,0,0,0,2,0
0xc80205befdb86a1891019969001e90b064d5735a,0,0,0,0,0,2,0
0xc8035ea3580d5dd63b7535c26687fe18f8284e2f,1,0,0,0,0,0,0
0xc80b47a7daedf9356bcac2c5aebb5155f5f4a8a5,2,0,0,0,0,2,0
0xc80c76f7e38c33a1b26c17357bff41d4d6f6ef3c,0,0,0,0,1,0,0
0xc80defd365fbac2dffeddfcb091b99afea6f8408,0,0,0,0,0,0,10
0xc80e652fdfa318f70a1c4b968727f51015dbf0db,1,0,0,0,0,2,0
0xc81068cd335889736fc485592e4d73a82403d44b,1,0,0,0,0,0,0
0xc816463eb290e47ff512c04121142d1d85a3cdc2,0,1,0,0,0,0,0
0xc81774fd1b51bc7e26b2bad562dcdb0a2cbebaf2,0,0,0,0,0,2,0
0xc81ec8a2a711e96d977a48252ac694e1d4b5719d,0,0,2,0,0,0,0
0xc82737a8bfa7d7af06d190ee28925d80dc5f9acc,1,1,0,0,0,0,0
0xc82d8718b3760dd863659029fcbffae532e83c52,1,0,0,0,0,0,0
0xc83355ef25a104938275b46cffd94bf9917d0691,1,0,0,0,0,0,0
0xc833efc39d60d6d718bd550d4e2d3748a8b91aea,3,0,0,0,0,0,0
0xc83d46e4d1e290fa414a5775d90d5d50745c3281,3,0,0,0,0,0,0
0xc843178d4478f4cf33b58821383b6c278a680c36,0,1,0,0,0,0,0
0xc849a5fff9befa297d1c3a772bafac9f3c9004ec,0,0,4,0,0,2,0
0xc84d24242a792d8c87d10f92897328c490bfd7fa,1,0,0,0,0,0,0
0xc8507d914d21d50c1763288da6539f6a0f5a0916,1,0,0,0,0,0,0
0xcb51a79c82ee07e6868ad5bd66deb2270d1de238,0,1,0,0,0,0,0
0xcd6cb1b25006603382b9e9a832b8686ae240373b,1,0,0,0,0,0,0
0xcd6f276334fd457d79fc04bca5f52393347c47a7,1,1,0,0,0,0,0
0xcd7067332044bba6c7055677a14e25702e1f5af8,2,1,0,0,0,0,0
0xcd74d15b488ed7ef7874819e8cb6daa75a759dc3,2,0,0,0,0,0,0
0xcd76b5a4a5fa96149ff02bf3a193f1113c502d95,2,0,0,0,0,0,0
0xcd856a8d411f43392c21d89271dd0bf565128080,1,0,0,0,0,0,0
0xcdb290f8a2315bb0c752eb16cab426eae7afb5c2,3,0,0,0,0,0,0
0xcdcbb474268703da1b6744c540500e8a2a39e8dc,1,0,0,0,0,2,0
0xcddbea34e7602f17fb661f4d2e59fe561f11e753,2,0,0,0,0,0,0
0xcde881f8b37b41577c65a3904579fff6bb94f3c8,1,0,0,0,0,0,0
0xcdf35c3fe4ccfacb3b1bbedfe71ca3a5ff6f2db1,1,0,3,0,0,2,0
0xcdf6895b98ddb93fd95ae5fb9a5cd0b54b52aa1a,1,1,0,0,0,0,0
0xcdf68b7953ba3934d6c6ea5accfe4b9af30838f3,0,1,0,0,0,0,0
0xce038523e278b6c1344d9e4f735f6064ad7a6032,2,0,0,0,0,0,0
0xce0589450422ce360215c6c50f9809e753e3829b,0,1,0,0,0,1,0
0xce242dfca2b3499af28de3074083c3acdcd2d0f6,3,0,0,0,0,0,0
0xce4726859edc21f0acd5acf8f852f42a1a2dd54b,1,1,0,0,0,0,0
0xce4a4d70e9942fff9dbb0219ead452a8fe082511,0,0,1,0,0,0,0
0xce4d3ebe1cae5561186f98edd205718475318ff0,2,0,0,0,0,0,0
0xce51f6cac9fb2695d944f2d5e2699d68aa7b656e,0,0,0,0,0,2,0
0xce5dbd884305a5716460dccffa63888fc9bfaa72,1,1,1,0,0,0,0
0xce7382bf7f277a2b661aaf71408ac65b287305a0,1,0,0,0,0,0,0
0xce78ab22cd0331a52af7bb4b622edfa792819d47,2,1,0,0,0,0,0
0xce958ecf2c752c74973e89674faa30404b15a498,1,0,0,0,0,0,0
0xce9d841d5dbfb0aec57752b4753d70c9c6329f86,0,1,0,0,0,0,0
0xcea093ff08f94ebfcd921b8cd1e6a9f18826ccab,1,0,0,0,0,0,0
0xcea534052b4af80eff6c45cd42d587105e07d557,1,0,0,0,0,2,0
0xceb43cc2625db7eb86c3a3a69a97d3da1931a9a3,1,0,0,0,0,0,0
0xcec0922b39cf101c892f9f6aa80488d3cbdd771a,1,0,0,0,0,0,0
0xced350d7ef320c38cc5090c89e7475dfd2e0fff4,2,1,0,0,0,0,0
0xceedf087d386109ff18dd38b0684efb0355a13e8,3,0,0,0,0,0,0
0xcef7208026613b4c2e01dbd3802fd47d7bfd51c2,0,1,0,0,0,0,0
0xcef8feebbdc278c0c81e07b87abf96b22d08fa6e,0,0,1,0,0,0,0
0xcefa3e88393cf17c9b4dc6c9fe5357dfae8036d6,1,0,3,0,0,0,0
0xcf106b9644eb97deb5b78ab22da160ffca67a448,0,1,1,0,0,0,0
0xcf2e607160f83c10ceb5861a992cb4ce93710b3c,1,1,0,0,0,0,0
0xcf2fe3f2dcaa158e0e41a204f053adc12949b768,0,1,0,0,0,0,0
0xcf377dfd654676940e2b5a87cf2673def25aeaed,0,0,0,0,0,2,0
0xcf5229653f1badd37ccedd1f96f6171715f28673,1,0,0,0,0,0,0
0xcf5a08af322e52bee93861341f7bd90eb3d65aa3,2,1,0,0,0,0,0
0xcf7097406448a6b3b109139e52e20ee909e437d2,1,0,0,0,0,0,0
0xcf70f36f8fd04713b33900bab530fd2f63ed9ae0,0,0,0,0,0,2,0
0xcf8335727b776d190f9d15a54e6b9b9348439eee,1,1,0,0,0,0,0
0xcf8593795c2f1359c7afa3d21616417e666b2803,2,0,0,0,0,0,0
0xcf8cd1bfd4d21c11c571d20d62a9c859ac5e3156,0,0,1,0,0,0,0
0xcf91d43b85a5c53d85c567d4eed972965335aeea,0,0,0,0,0,2,0
0xcf91ddfd551c8eee7dc88372acd8c49a0d8726a3,1,1,0,0,0,0,0
0xcfc2437916a6df165235272dbfb116687bb1a00b,1,0,0,0,0,0,0
0xcfc5199a76182368b6a5a3ae78204e29d1ed4a6d,1,0,0,0,0,0,0
0xcfca01488643501cab56d1855921c897d5ee4b1b,1,1,0,0,0,0,0
0xcfd2047eb61412e9b8de511dc2087e07003829ee,2,1,0,0,0,0,0
0xcfd2e5876cb479dc9d86abb2ff4bfe166c8d8d22,1,0,0,0,0,0,0
0xcfe60b9211f4770182a5dd7f797825dd0a28f818,1,0,0,0,0,0,0
0xcfed26885acf068f42bdf90a38d5694006f8f611,1,1,0,0,0,0,0
0xcff681c07541b6921aac59fee73f1bab7b29d7b7,0,0,0,0,0,1,0
0xcffd73396e6f4dae2fd43da7eeb2536b50b695a1,2,0,0,0,0,0,0
0xd0059e9d822c471f394ae5974d783e86b2aa0853,1,0,0,0,0,0,0
0xd0080a841a8c5d2b6cd4bc640cdad7846de14dbf,0,0,1,0,0,0,0
0xd02675f786cfd9e665d6d4c725e5ada529493063,1,1,0,0,0,0,0
0xd029de67c3f46d046c635f60efeb41d5b92a74ae,0,1,0,0,0,2,0
0xd0306dd978c2deced267a29b25290f353149450a,0,0,0,0,0,2,0
0xd04877a45079ac978118aa8ae8c53770c4ee075a,0,0,1,0,0,0,0
0xd04a63eea250ce2b330d4ed46338d7cfa6999040,1,0,0,0,0,0,0
0xd0563bc1a5a824c17c0c73c98725234de9b1dd93,1,1,0,0,0,0,0
0xd06d0e6694a2f12864941fc73d140346da143200,3,0,0,0,0,0,0
0xd0792ac0de7ef31197c5f452b21a34389ecc725f,0,0,0,0,0,2,0
0xd07d571e0a45306350c005f5ed858783ae725d71,1,0,0,0,0,0,0
0xd07e5059e6d401b7d0640928bfc30e569fe4059b,2,0,0,0,0,0,0
0xd0823c151d23678c6efe2b73b70aedf25be469fa,1,0,0,0,0,0,0
0xd082e94b1fcad2a083ed817618b24b14399439ec,2,0,0,0,0,0,0
0xd082e9e4f9b39bad6103c330292a7b219bf3b740,1,0,0,0,0,0,0
0xd083713e4d9bc1e4c923795f9f6ce2a97646c116,1,0,0,1,0,0,0
0xd091eb3a1cbb2182d1b98435be25bbaf89746540,1,0,0,0,0,0,0
0xd0a024e4b057024f941051dc19220a3bab4b5d45,4,0,0,0,0,0,0
0xd0b13c1195f1c50be0d3be956ff32aaebb48e1e4,1,0,0,0,0,0,0
0xd0b4fda55a2390e2dae76f1e6f263a7ee18dbdbb,2,0,0,0,0,0,0
0xd0badc61104e66705d61dbd315fa67124369387f,1,0,0,0,0,0,0
0xd0bd12a8d5ebca1e2fa46da59f1993ec51c3d75c,1,0,0,0,0,0,0
0xd0d6b03cb90ec013c6a00ff60e30c3a350c1df94,1,0,0,0,0,1,0
0xd0d916322b02b7a8095af4bb69bea0e9d93cf3b1,1,0,0,0,0,0,0
0xd0d932c9f78583d297e487a7965223d0fe1008c8,4,0,0,0,0,2,0
0xd0fa079f298c120946695d5c65a15c14355943b7,1,0,0,0,0,0,0
0xd0ffe3496101fd676b646ade429653d7df12edd2,1,1,0,0,0,0,0
0xd1265bfe57597840f89971b7e67538bac780f9ad,0,0,1,0,0,0,0
0xd1415d6456cce5ffeb9e77cf4d144f82f4e3c4e3,1,0,0,0,0,0,0
0xd14b221dfb7c7a4d19d464e41affe3e2e182c90e,0,0,0,0,0,2,0
0xd14b307a8a9f5dae852216d7860a6e302a533b2f,0,0,0,0,0,2,0
0xd1569ffd7ca4393311f66110e6f87184c4817113,0,0,2,0,0,0,0
0xd15d322351667b202f70b2c2d568341da8d39b67,1,1,0,0,0,0,0
0xd15ecdcf5ea68e3995b2d0527a0ae0a3258302f8,0,1,0,0,0,0,0
0xd1632efa392925089785b43410c529f8959a8d9a,0,1,0,0,0,2,0
0xd16dfe7a7f447b00122a01efd5acb99a7aee7c04,2,0,0,0,0,2,0
0xd1876a2432f7b93e62e774bdc213c3fad12448b3,0,1,0,0,0,0,0
0xd1928831616d0cd498a204a81516b05531aea9c8,1,0,0,0,0,0,0
0xd1a7e773cbb9e4149a91ff860a871855bb109568,1,0,0,0,0,0,0
0xd1b4fdf2fdeb790df015bf0b74bf43253b9ac2da,1,1,0,0,0,0,0
0xd1ceeee3ecfff60d9532c37c9d24f68ca0e96453,0,0,0,0,0,2,0
0xd1ceeeef70c61da45800bd81be3352160ad72f2a,0,0,0,0,0,2,0
0xd1f95941d9a69e875f7f51f04e5f214f8114e730,2,1,0,0,0,0,0
0xd204616e2ecf6d0b27ee79207c4ba54f91182a9d,0,1,0,0,0,0,0
0xd20ae3fc68eec32c882d3987359c263b939e5431,0,1,0,0,0,0,0
0xd216c12e89ac892e944edf6c947c860681ef18da,1,0,0,0,0,0,0
0xd2186f3b0b9bd8b7be5bc747fa206f34edebaea5,1,0,0,0,0,0,0
0xd2413729c24f77d77f53d3a3636e41ef65c4f0de,1,1,0,0,0,0,0
0xd2707cea59e2914bfc200d6188233309a6aece02,2,1,0,0,0,0,0
0xd294fb1b8b1169dc634017f60d9ca36a5701bd7d,1,0,0,0,0,0,0
0xd29decbfd29766d8aba8215587f915162c5bd8d8,1,0,0,0,0,0,0
0xd2be917afd50b81b585a5a96866658f9f90d811b,1,0,0,0,0,0,0
0xd2bfceeab8ffa24cdf94faa2683df63df4bcbdc8,1,0,0,0,0,0,0
0xd2cd43c4f6a6fa7bdfa44ee5bc486bae34f9a2aa,0,1,0,0,0,0,0
0xd2d0f85b690604c245f61513bf4679b24ed64c35,1,0,0,0,0,0,0
0xd2d6158683aee4cc838067727209a0aaf4359de3,2,1,0,0,0,2,0
0xd2df59cfcd5086264532936afde48a5312ce96bb,0,0,0,0,0,2,0
0xd3006f35c0286f5485971f935b87f84e72e8e43f,2,1,0,0,0,2,0
0xd32641191578ea9b208125ddd4ec5e7b84fcab4c,0,1,0,0,0,0,0
0xd342c20428de073c6da0cd3b249b16b3f2ae80fe,0,1,0,0,0,0,0
0xd359e3f53b5d4e11b8b11dc0772448f380accf3c,2,0,0,0,0,2,0
0xd35be56e4ed6818d09e6f95b9c744c4607fda453,1,0,0,0,0,0,0
0xd3676a37a23ad8f4238064c1edc704debf335f26,1,0,0,0,0,0,0
0xd36a57a9e8d066792913b3a1fcd99eb3c042c82d,3,0,0,0,0,0,0
0xd37748a09dec934dacc27bcee6ab448d23c746c2,1,0,0,0,0,0,0
0xd37a7e9d4681da273e13d652ed9a789274d32bd7,0,0,0,0,0,2,0
0xd37df7051977462c84d2a89cd78a0a91ff85d645,0,1,0,0,0,1,0
0xd37f29d1cd9f379b3f9363453725ed971190aeca,0,0,0,0,0,2,0
0xd389c08bb987dd7daeb31f51fce1b5b73710b38e,2,0,0,0,0,0,0
0xd38f3c46d20aa7021e486290a24e25eba1491909,2,1,0,0,0,0,0
0xd392f7b917aec137b93cc55429f7cf09dbb60257,2,0,0,0,0,0,0
0xd3970927a9fc6dd00628368f7e72fd8ac90823a1,0,1,0,0,0,0,0
0xd39fea299bcc8a359d56fd9d148c4bce89cb83b9,1,1,0,0,0,0,0
0xd39ff379cb1f4d6f2aade581c039c15db2cb28f8,1,0,0,0,1,2,0
0xd3a97d46fd0c28a5a035a4e0813afe7c2c1376bd,0,0,0,0,0,2,0
0xd3aaf402a2fd26424e60f91a7783def8a444f880,2,1,0,0,0,0,0
0xd3ac627abdc1ce6c27c04b37c86e368f754f2995,1,0,0,0,0,0,0
0xd3cbcbc2499269ad5d2b0f58de58628a258d938a,1,0,0,0,0,0,0
0xd3cdc4e75750dc1e59f8342200742b6b29490e70,2,1,0,0,0,0,0
0xd3efa0d59dccd79a8f2011f5adf527e78f1f68b4,2,0,0,0,0,2,0
0xd3fa5231c03de9f30c610c16b5576396fdaf6b19,0,0,0,0,0,1,0
0xd403cc1e2da3aa7d954e0ad34bef2df2b9a9f238,1,0,0,0,0,0,0
0xd4111b29cfc55c147b4fe759c8d99012df597065,1,0,0,0,0,0,0
0xd4191d6bcefb28cb2e6fc5d0ea48aab7860da523,1,0,0,0,0,0,0
0xd41d48be0a81690a785bf1df336163f7b78eadca,2,0,0,0,0,2,0
0xd41ee3317467ab60109d76d6360807777c10afd7,0,1,1,0,0,0,0
0xd4236a5b05aafadb21a3e657f6818ad9f20699ae,2,0,0,0,0,0,0
0xd42993d9d330614fb7e4331e41d2916f9a69d28e,0,1,0,0,0,0,0
0xd44dbf7e6aa11b3a9e16890f57eb6a6dc74ee94d,1,0,0,0,0,0,0
0xd4546436cfdf0c5e10805b921f6795e97f5dbe76,0,1,0,0,0,0,0
0xd46d0505f73f26f4cc7c8df65e562ac3f28ffc10,1,0,0,0,0,0,0
0xd46ddc98c63f9705ca6689e7036dc3ce981fb335,1,0,0,0,0,0,0
0xd47e449c721eb270341b690960576c333f2c1174,0,1,0,0,0,0,0
0xd4859939d6f244a680bfd3bcab90b66c219fa05a,1,0,0,0,0,0,0
0xd48738ce4c49931ef5b16bc210a982151fde1c67,1,0,0,0,0,0,0
0xd48ec4bd0226c1decf0ea618ed35a76e8e272e86,0,1,0,0,0,3,0
0xd4973b9a96e1030ed260781e36544756249045ce,1,0,0,0,0,0,0
0xd49c04ada501f092f15a01bbcb40e7d15ad24856,1,0,1,0,0,0,0
0xd49e65db1aee6e8c06177799d30c235107facc24,0,0,0,0,0,1,0
0xd4b33b74cec5141c0c40be4a664641495c6afc7e,1,0,0,0,0,0,0
0xd4b36aadb0d90a32dbc15537db6e3054c52a3f62,2,0,0,0,0,0,0
0xd4c435f5b09f855c3317c8524cb1f586e42795fa,1,1,0,0,0,2,0
0xd4ca5c2aff1eefb0bea9e9eab16f88db2990c183,0,1,0,0,0,0,0
0xd4d8c546549719f0e79a0b11d624a52859c111d7,1,0,0,0,0,0,0
0xd5050a5c3a92794016f37718e1568bdf67b61147,1,1,0,0,0,0,0
0xd506e5e57e22c695bf28c96e73c296051177a678,1,1,0,0,0,0,0
0xd518db222f37f9109db8e86e2789186c7e340f12,0,0,1,0,0,0,0
0xd529adae263048f495a05b858c8e7c077f047813,0,1,0,0,0,0,0
0xd52d09ce4c0118b227bd9496d973ed0bf98f8d5a,1,1,0,0,0,0,0
0xd532375971258953263218994966e2a0a3d5c18a,1,0,0,0,0,0,0
0xd53908999f20e52fc888236e75da1406a593f1b7,0,0,0,0,0,2,0
0xd54920cedf704b87342fa26d5773efabf9037a77,2,0,0,0,0,2,0
0xd5670cdb0d6e6d9eedfdbaceb97d5774466f0b23,1,0,0,0,0,2,0
0xd56cfec7319d206b7f1269182212d5c381dd9168,1,1,0,0,0,0,0
0xd58132f2fbd65f02beee0626542e6ee059009ab4,1,0,0,0,0,0,0
0xd587cb111d3e506ffafdf4b1c5d19008086c4e5a,1,0,0,0,0,2,0
0xd59b961d5be7ae59486cf4431cbd5534c9ef4f0d,1,1,0,0,0,0,0
0xd5a1f6e32c008395a34ff2a3e2272ab8df569b67,0,1,0,0,0,0,0
0xd5dc75c85159e95f0bd8b5196f4f096a6b7fea1f,1,1,0,0,0,0,0
0xd5dfe9e9e6df35d2aefdb0ce6d3e91b6890923d6,3,0,0,0,0,0,0
0xd5e0b57757b3555d33a6e93694e6dcc2a3897a63,2,1,0,0,0,0,0
0xd5e1f90d918fd871fa0aba9aea54bb07e6382299,3,0,0,0,0,0,0
0xd5ec2aa0dda1b4c3b36fff24cb06318821dcd126,1,0,0,0,0,0,0
0xd6173e88d465c546135b71b9a8c4772e97d84552,1,0,0,0,0,0,0
0xd628af3abb55fc8a5e6095fbcf95e508b7bc6724,1,1,0,0,0,0,0
0xd6310735586f09cf1cb6485f234b3534579706af,1,1,0,0,0,0,0
0xd64ad4eefaacb96a0865687cfeef4c4a2cfbfef2,1,0,0,0,0,2,0
0xd64e5b228561225b437dc38b81891c15fe98cfee,1,0,0,0,0,2,0
0xd64f60148a99c12d18c9cec6140b772364814c83,1,0,0,0,0,0,0
0xd67aa6a98e99f979f23bf0da772d113fe6dbe50a,0,0,0,0,0,2,0
0xd67cb3d1a748e25b8768ebf4218c7903f4c84823,1,1,0,0,0,0,0
0xd6875274b000462f59e9327cbde2cef637914569,1,0,0,0,0,0,0
0xd6aca5b766853f7879d153fdb7567be356dd46ec,0,0,0,0,0,1,0
0xd6c6018fb3c25c214ab938d3b574cf7b6954af62,1,0,0,0,0,0,0
0xd6d62024d82b5bf4fe4a9e214991743d543f1673,1,0,0,0,0,0,0
0xd6ed0e5d7f854b64b5e467a240a6c155c17cc6a2,3,0,0,0,0,0,0
0xd6f79a8ba756cc7babdc04c6715d65af297ce50d,2,0,0,0,0,2,0
0xd71034459f83bce1d63b7897d8986485356a138a,1,0,0,0,0,0,0
0xd717b75404022fb1c8582adf1c66b9a553811754,0,1,0,0,0,0,0
0xd735f1d855deb00ad0c2a11eb6dac1e86e8c29d5,0,1,0,0,0,0,0
0xd73c51ce805c86046577b7b4e5cb2dde14d72a36,1,0,1,0,0,0,0
0xd74186459dd2e4aaff9330129ba68331761f38ae,1,0,0,0,0,2,0
0xd745a7883a6bd19389b6b9dc8580c2ff873f0cd1,0,0,0,0,0,2,0
0xd74ac22ffc06d6f96cb41eef4e0fdb836889c3ff,0,0,1,0,0,2,0
0xd76ababc8887a72453f5f48ea831b782e49c557a,2,0,0,0,0,0,0
0xd780fc7b5e318c2885ce546df2b6c6e431b2eb4f,0,1,0,0,0,0,0
0xd799883cc35485d2f1d10d7e1f6f016f5141f262,0,1,0,0,0,0,0
0xd7afbf5141a7f1d6b0473175f7a6b0a7954ed3d2,0,0,0,0,0,2,0
0xd7b45e0cdae4c65ef2c7e19152eeb3074e20f98f,1,0,0,0,0,2,0
0xd7e000213f0ffa6e20e1c953bc49867f8d318bfa,1,0,0,0,0,0,0
0xd7e011ad27b6128934e2afd1763120ede1274ae4,0,0,0,0,0,2,0
0xd7f4aea7c2b8d633d88c449eab91d7d5ef89427e,0,0,0,0,0,2,0
0xd7f54a12dd9eb3eda301d53b928829eb13358d66,0,0,0,0,1,0,0
0xd7faef6fd3d3e22037619a756221e38f7f2c9c62,1,0,0,0,0,2,0
0xd806f2945baf1243ce1cbfedaa81d65a75655a9c,2,0,0,0,0,0,0
0xd81ada188331e627567bbef80f91217cd3109592,0,1,0,0,0,0,0
0xd81fe2c11edd560c4d44fdd4f651f3608452beed,1,0,0,0,0,2,0
0xd82f9939aa0ba1bf5d5bbade54b5f2f61d2cfdbe,1,0,0,0,0,0,0
0xd8331445543a415cf213314bc6ac5bd710e4288e,0,0,0,0,1,0,0
0xd83a825384a252f57b1ef7d617518f2099ac8eb5,2,1,0,0,0,0,0
0xd84e469c31efc9c67dbadd25c0a04006a5d30c05,0,0,0,0,0,2,0
0xd84f5e007af2343fec41b4bf23941f84eafd595d,1,1,0,0,0,0,0
0xd850942ef8811f2a866692a623011bde52a462c1,1,0,0,0,0,0,0
0xd85380aca00e6115b046b4edb488b53c531cb852,1,0,0,0,0,0,0
0xd868be9b1d2391dfd635bea0fbb7f42a473e9af9,1,1,0,0,0,0,0
0xd86dc5e1574491b3c4b68a30f0084d630a9ecc94,2,0,0,0,0,0,0
0xd86f790b2bfca7b224165662ae5bb21663a999a1,2,0,0,0,0,0,0
0xd871a7ce9bcf9cfbefbca3ede0ce53ba1787dfc9,1,0,0,0,0,2,0
0xd88577ed936819807612c0d4a17ade05adcdf1d3,0,0,0,0,1,2,0
0xd893fe2676ec367e8bd1a145404e667abdbe22a2,1,1,0,0,0,0,0
0xd8993f49f372bb014fb088eabec95cfdc795cbf6,2,0,0,0,0,0,0
0xd89d6e3b1115743b3dc481f6afdb5bc2958031d6,1,0,0,0,0,0,0
0xd8ba7164446ef71e89fdc0d94fa492732d371238,1,0,0,0,0,0,0
0xd8c5fa1e1161f947418ae9d436497774d84de301,0,0,0,0,0,1,0
0xd8cb4151fce62b3d08269343a79dbcd6f83d3405,1,0,0,0,0,2,0
0xd8cc0ef2b26ff52f86de029cb38ed53b7ed98a57,1,0,0,0,0,0,0
0xd8d94cfa0dc8898d13e6f9a1618c490f68c160dd,2,1,0,0,0,0,0
0xd8e6a6a27f31cb4ee8d7584b7a67e624e17a038a,1,0,0,0,0,0,0
0xd8ee3a6b246674a7c6ca07ed9d8b4500d1d80371,1,0,0,0,0,0,0
0xd8efe924ebe20fbb8edbbeaac0f5bad47d3f573e,1,1,0,0,0,0,0
0xd8f2f712040d1a0d90622c767420d354c645ba4a,1,0,0,0,0,0,0
0xd8f61d0889245c40a3555aa6386e17a5e4aafa18,1,0,0,0,0,0,0
0xd8f638bc424efaa66eabc42ba5ce3fea4455c405,0,1,0,0,0,0,0
0xd903286ce14d55ce3eee7a39bcf683c21ed5356e,1,0,0,0,0,0,0
0xd905c2edf3d93a1dea8e742703d4fcdb970780b7,0,1,0,0,0,0,0
0xd907daeed4dae963b0e2442e330d1760d752a68e,1,1,0,0,0,0,0
0xd90cd0492bbb7405a8bba2e49556dbd74ef3b00c,1,1,0,0,0,0,0
0xd90df6771085c94cfe850d35f7bbd36c77cd0847,0,0,0,0,0,2,0
0xd90f5ebc01914bbd357b754956aafb199f4d1624,1,1,1,0,0,1,0
0xd912b604bcfe3ea9d54341512773289049943446,1,1,0,0,0,0,0
0xd91e45416bfbbec6e2d1ae4ac83b788a21acf583,2,1,0,0,0,0,0
0xd9467094011fc724b37b84216b1a9d980e1196e6,0,1,0,0,0,0,0
0xd94f31ea5883199522f045866aa0340bfae4881e,0,1,0,0,0,0,0
0xd95176d52ad16315390baf5b555a678ff4e3057c,1,1,0,0,0,0,0
0xd95294fecb64478541ca7b0e5c0a278f4f9d7ee5,1,0,0,0,0,0,0
0xd954af8b5559e188096afb11643111458b29cebf,1,0,0,0,0,0,0
0xd956708eb515b0f78c7336757f3155d002c49752,1,1,0,0,0,0,0
0xd95f7070c4d4abb344f79bb48ee22e751901d8df,1,0,1,0,0,1,0
0xd96205b1ef12bc471195fe92a896c461528181ab,1,0,0,0,0,0,0
0xd968907665f8706cca80ce6528b6afe81efb9d0f,0,1,0,0,0,0,0
0xd97579cea3fe2473682a4c42648134bb982433b9,2,0,0,0,0,0,0
0xd97d6a25de7f079547a405f0116e8530b97730fd,1,0,0,0,0,0,0
0xd99a87088a4d406961959949189c5dafbc9f90be,1,1,0,0,0,0,0
0xd99bb99326cb7d9f10dcd1fd25fd7ce6c3b8ec46,1,0,0,0,0,0,0
0xd9c7adec23911489e443693efcd514be8da89eab,2,0,0,0,0,0,0
0xd9d42c6d1ebf9083d9514e5ae5f53cd627708c12,2,0,0,0,0,0,0
0xd9d4385e5748c845b0e75967906f3d510a068c3e,0,1,0,0,0,0,0
0xd9dc38f1c0f551f949a81cf7269a017e48b1d5a4,0,1,0,0,0,0,0
0xd9e982e827d19a9dca6fe607be4c52d0ff14a697,0,0,0,0,0,1,0
0xd9f82f63b1d400595aec7277820ff71c44b65ad0,0,0,0,0,0,1,0
0xd9fb596c0ffe9f9ed0ad130beac7a2b8126013e1,0,1,0,0,0,0,0
0xd9ff8cc0433c995f3a9711f1400329cd6a40387f,1,0,0,0,0,0,0
0xda0267fae25b4bfd53a1191ee1e864ecbdff92bb,1,1,0,0,0,0,0
0xda0b84a81662ec19ba06b8e902f22964dd69e13d,1,0,0,0,0,0,0
0xda0e0303f4bf08cff92e88e13c0e743b14fea0d5,1,0,0,0,0,0,0
0xda11e959bcaaba5f88dbf4d866e270c78bc84b76,0,0,0,0,0,2,0
0xda32d3814b10aee35dcba4de4f6b2259916f9cbb,0,1,0,0,0,0,0
0xda36819cfa6167ab5d7932aa8a7852b377a15ab9,1,0,0,0,0,0,0
0xda46ca89836b37420a0719676154187c6225f9ba,1,1,0,0,0,0,0
0xda4cc8c36e6abef5d309e9fc3ae0209cabd078c0,0,0,1,0,0,0,0
0xda5441a5807e5cda5871b6504644e13d677706b1,1,0,0,0,0,0,0
0xda6245b3355e15cb38f65701700876de75ef4bef,1,0,0,0,0,0,0
0xda65eed883a48301d0ecf37465f135a7a0c9d978,1,1,0,0,0,0,0
0xda6733cc3800c9a74caf0ba8858df1bc264434d7,2,0,0,0,0,0,0
0xda6bae24e98db8ec03151d5edcf9ade67e442b6d,1,0,0,0,0,0,0
0xda7c27c04f66842faf20644814b644e25e1766ea,3,1,0,0,0,0,0
0xda830afa460526071d3d149e898fead664f0a4bb,0,1,0,0,0,2,0
0xda83c0a8587c705122434e8baa50db67ef049263,2,1,0,0,0,0,0
0xda8b85117bcc9ebf29a04521b2cbb2f1782e6029,1,0,0,0,0,0,0
0xda908dcf358351d79e5051a7118c9318f67fcfc9,2,0,0,0,0,0,0
0xda9acf693a3fbf6028bbb0abb8ac5ee5452322e2,1,1,0,0,0,0,0
0xdabd08643935a02fdf49cd6264f8d4de8e1feb69,1,0,0,0,0,0,0
0xdac324a72f774a614da500240f2786f2ec06c10d,1,0,0,0,0,0,0
0xdac6c013abe19c7a29c515f396b8eaf29cb28010,0,1,0,0,0,0,0
0xdac7413b79394542cabbdef9d71e89d48862825d,1,1,0,0,0,0,0
0xdac825ba677c7d663b3e23e8b13fb85a13e14b15,1,0,0,0,0,0,0
0xdae049562763d6a4236af188a05f4f29603b41cc,0,0,0,0,0,2,0
0xdae46fadfd30e7b6de74937626adf09d947ecc62,0,0,0,0,0,1,0
0xdae5447cec97be20a187244d4a8b4338367680de,2,1,0,0,0,0,0
0xdae7367a4cecad9b0a37c6bde1263a9a9f7aceb3,2,1,0,0,0,0,0
0xdae939bba0dc30695b3cba66e16b9a6c2b15b7d3,1,0,0,0,0,0,0
0xdaf6fc57f9f415401f55632afb50c47f60a404fc,1,0,0,0,0,0,0
0xdafe38c5f5e40f7b11f28344154e78e57537bd66,2,0,0,0,0,0,0
0xdb00f98726e1ff4f5f4e446e380e260202c30c5d,1,0,0,0,0,0,0
0xdb03170241b7a789934b677a64fa49e7783b41d5,1,0,0,0,0,0,0
0xdb09aba26e7a54f95951defc0a56b7f11a5ef023,0,0,0,0,0,2,0
0xdb0f0c31d8379965aa88d5506f0f31ea67ea98e8,0,1,0,0,0,0,0
0xdb0f4715aba5eb7ad90da647e24eee5a33909fd4,1,0,0,0,0,2,0
0xdb13025b219db5e4529f48b65ff009a26b6ae733,1,0,0,0,0,0,0
0xdb18bf96d5b00fe57dbfcd42b48e280624670f90,2,1,0,0,0,0,0
0xdb1c55f6926e7d847ddf8678905ad871a68199d2,1,0,0,0,0,1,0
0xdb1f3030532a593a733f8ae6fce310aa91ac3a17,1,0,0,0,0,0,0
0xdb209c97e0de799bbf14e3377307780ddc26be4e,0,0,0,0,0,2,0
0xdb25f211ab05b1c97d595516f45794528a807ad8,0,1,0,0,0,0,0
0xdb2a6352362e9c23a563f4118b899ef8b6ab66f1,2,0,0,0,0,0,0
0xdb2fb534e111e57e1a97adae7fdb83d92062e3c1,1,0,0,0,0,0,0
0xdb5c3c46e28b53a39c255aa39a411dd64e5fed9c,2,1,0,0,0,0,0
0xdb5e04dc9c94bc8310e8885c85a4d0666ccaecae,1,0,0,0,0,0,0
0xdb5f7df433ffba706d39dc9dd7b2d68459fc2c22,1,0,0,0,0,0,0
0xdb7ad50a39346a78f272ac286e78430061949b2a,1,1,0,0,0,0,0
0xdb7c83df286f5d9c44aec3d128dad6fee05dc6d1,1,0,0,0,0,0,0
0xdb8ea10793899f6323ecd6b2cd510c005f14b116,2,0,0,0,0,0,0
0xdba3c9f9a427d2bdb7e260353dce57a94cd8ddd8,2,0,0,0,0,0,0
0xdba934811a10d2cfe5f33736cc56c42e7b8fd067,2,1,0,0,0,0,0
0xdbb5417b8b0a01e039a12e43d3650f46635cda97,1,0,0,0,0,0,0
0xdbb6b23520472c5070078cd3e7097b36b001fb57,2,0,0,0,0,0,0
0xdbbb7c56a5c8f60a9e5a38501a168f673cd61754,1,0,0,0,0,1,0
0xdbc36b40a83c86c1b3c24c55a8c0ab32419ae0c0,3,0,0,0,0,0,0
0xdbccc8984ae631c69403f4c8a5a37f8b7c17873b,1,1,0,0,0,0,0
0xdbcd6bd6ecaa36c8a6c554d70b7f39d6c0fd7ad2,4,0,0,0,0,0,0
0xdbceb7a76854784f7c003586737f5f3809381a33,1,0,0,0,0,2,0
0xdbd45e4d9a8b05790a2a0e0d1a661fd4e21f3da5,2,0,0,0,0,0,0
0xdbe13bf528ca21bb6c306539109c21a304191f72,0,0,1,0,0,0,0
0xdbe46c0e6526e9068da1626acfddff2386635045,1,0,0,0,0,0,0
0xdbeefc28155894b887d379113c1dadb4db545a78,0,1,0,0,0,0,0
0xdbf421919e44d34ade58d0f1f6450831f9aa4c30,1,0,0,0,0,0,0
0xdc0a2185031ecf89f091a39c63c2857a7d5c301a,0,1,0,0,0,0,0
0xdc0c33a4c10dfdca03e583107eb5520555c86f9e,2,0,0,0,0,0,0
0xdc142e66eae81e1a6e7c60df32b15d736f3dd74a,1,0,0,0,0,0,0
0xdc20655a6de13496dd385f7ab903e4e6150e55a5,0,0,0,0,0,2,0
0xdc24f9cc79f802587b56f27a7db0833e40c8a22c,1,0,0,0,0,0,0
0xdc40223c871ff40a84fab75a34bf01361f7c8120,0,1,0,0,0,0,0
0xdc448e8a2a92a5ce799b197e982d773c605318a4,1,0,0,0,0,0,0
0xdc4c6478517d3653b9e8371187acb579f3739462,0,1,0,0,0,0,0
0xdc51e521608ab84ef884232c8b1ed1dd6e48834f,2,0,0,0,0,0,0
0xdc52c48074c3dcf9acbcb90b468484284d777490,1,1,0,0,0,0,0
0xdc57e9b624b931aa8202f3a8d54f09fa8ce7981f,0,0,0,0,0,2,0
0xdc5fc0112e514715878dfefee06600a7cabee3a7,1,0,0,0,0,0,0
0xdc626aa0bf99848fdffe293a9e3cdd64900ce2a6,3,0,0,0,0,2,0
0xdc7109afb8a3cc28f2429bf4a35f959a567a2610,1,1,0,0,0,0,0
0xdc7836bc6c84c51275365e337fd147db2dc7b3c3,1,1,0,0,0,0,0
0xdc8944deaf5da0b81bcd38a87cbad0c0e793116f,1,1,0,0,0,0,0
0xdc8a6ef9a8a4114773e806dc24bb8e7b6f3d92eb,0,1,0,0,0,2,0
0xdc8adca00787b665abbaacaef37c8bb629ebaa8f,0,0,0,0,0,2,0
0xdc8d902c34f2257b8569dc9bc4f58cc149ed6e48,3,0,0,0,0,2,0
0xdc8fd6abd32fd9d0dc74e6947aca082658adeb3d,2,0,0,0,0,0,0
0xdc919494349e803fbd2d4064106944418381edb3,1,0,11,0,0,2,0
0xdc99adde3a358e5ff62fff3f26b2296f8cca2306,0,0,0,0,0,2,0
0xdc9c44db936cd79d890062590e943746247af80e,2,0,0,0,0,0,0
0xdc9f5b24b910addcb2e3be7ff75caf20e1fcdcf3,0,0,0,0,0,2,0
0xdca82e4dfbce4442b19a85df47fd64aeaaf55d9f,1,0,0,0,0,0,0
0xdcaa6f95fcdd339b80631fed7eb213d653c21b12,2,0,0,0,0,0,0
0xdcac1e6732cb951282e1cfc18b26adb5d1f995e2,2,0,0,0,0,0,0
0xdcaf157faa03309653cd0acddd6947f3417e8dd2,6,0,0,0,0,0,0
0xdcb3dc7a3542c4ded616d891f5e4578eaebf715a,1,0,0,0,0,0,0
0xdcb5410ef70f59a5a2839fc6d4d0b2ca981f5e2d,0,0,0,0,0,1,0
0xdcb6622cb14e44213092a986d5654ad599e7ebfe,6,0,0,0,0,0,0
0xdcb9ff81013c31ff686154b4502ef6bfaa102d2d,2,0,0,0,0,0,0
0xdcc2a9c95518a1196896bd116334c1eb1b6785ad,1,0,0,0,0,0,0
0xdcc5e159aaba298ddf0cbe24ecd081949bdcf5f5,1,1,0,0,0,0,0
0xdcca8fa09bec1205ea2946b5fa466d72123b70f8,1,1,0,0,0,0,0
0xdccb796c53846417b88c20a67f188fbbe1d968cd,1,0,0,0,0,0,0
0xdccedb215833b58c8c624abe5b5c715844248816,1,0,0,0,0,2,0
0xdcedcc689487b3c767e37cd2f198d40566294b20,1,0,0,0,0,0,0
0xdcf67546f2253c9c90c2b55447e1efecebcf83d6,0,0,3,0,0,1,0
0xdcfae5ec906742f66e57e09ce098f5adb76ababa,1,0,0,0,0,2,0
0xdd23756f71418e7eae29145940c3c3f5deb39bc6,0,1,0,0,0,0,0
0xdd40b5a5b00d8913f3e1d6bb5cbbcd18a956b215,1,0,0,0,0,1,0
0xdd423af7c0a2f88e6aa135c512f101fd35403801,1,0,0,0,0,0,0
0xdd5b1e55fd47c039e0d72cc96a216b828cd8f498,2,1,0,0,0,0,0
0xdd6bf56ca2ada24c683fac50e37783e55b57af9f,0,1,0,0,0,0,0
0xdd6eef0507f10d21f716e36d8b1aae76a4fa3f62,1,0,0,0,0,0,0
0xdd76a183f85b9502f6130d6d7edc2f507a8ce679,1,1,0,0,0,0,0
0xdd850d1d845a444a13e9516317a0a57075d9cf8e,2,0,0,0,0,0,0
0xdd89d6ab3aca67ed697492ba4de2f2763490224b,1,0,0,0,0,0,0
0xdd8c7b0562d8d51210c02213daaa3884f6eeeb6d,1,0,0,0,0,0,0
0xdd8f1fc3f9eb03e151abb5afcc42644e28a1e797,0,0,0,0,0,2,0
0xdda784ce15449948520580cacb229717cd7ad261,1,0,0,0,0,0,0
0xdda80deeb2db6d63247b9be73bacd00184fbc83f,0,0,1,0,0,3,0
0xdda9bcd985b1169607546b52910a0269dff5baf1,2,0,0,0,0,0,0
0xddbb0271a6635bd6a2cf184a672728e005b30ba4,0,0,0,0,0,1,0
0xddcab0ece1816a517683d858be471e377d421300,1,0,0,0,0,0,0
0xddd151f4d9ed27aa18defefe4e0b2ef02f865d59,1,1,0,0,0,0,0
0xdde19c145c1ee51b48f7a28e8df125da0cc440be,1,0,0,0,0,0,0
0xdde1cddbbc4bfc0d2e9f5b2957456a2b651aaa6b,0,1,1,0,0,1,0
0xddea5146b32733c5f25d6183da66fb80a738e779,0,1,0,0,0,0,0
0xde08a96e974bad18f64013d5b59b3c8e3f4621f8,1,0,0,0,0,0,0
0xde08bee9240f2a57eab416302e3a6271fbd3f9de,0,1,0,0,0,0,0
0xde0e8e785a0dba7ef8cf011a5894c4a9d1682098,0,1,0,0,0,0,0
0xde0f4df545910f0ce9bbdaf3eeb929705b8a9de0,1,0,0,0,0,0,0
0xde2481f649283ac66d5df892bf3ebb74096933ac,0,0,0,0,0,1,0
0xde31e0ef14c2348f85d95f3dffef632e1215e070,0,1,0,0,0,0,0
0xde3ad37d806309761210c18704dc1a3faada4aa9,1,0,0,0,0,0,0
0xde4f1f39242e779f4ae6324e06fb30ba3e14e377,0,1,0,0,1,0,0
0xde522a2778e4554707e6a8df36a4871ce9967bb5,2,0,0,0,0,0,0
0xde5b6358808e783df374d1039f483e6ac02c9a28,1,1,0,0,0,0,0
0xde6bbf580eb26cf0c0cd01e761aba961c5c98755,1,0,0,0,0,0,0
0xde6c1dd8404827149f6edc09e50476aa0cd7b4ab,1,0,0,0,0,0,0
0xde6c7366c50663712de30919b2cb9af2dd1a5378,2,0,0,0,0,0,0
0xde745420248e0dde0cf774b5db8d59c96982b3a2,0,0,0,0,0,2,0
0xde768b1249374e129d0a24afe4b07ab0ce8ec20f,1,0,0,0,0,0,0
0xde9c0dbf058935d17583d4643896caf93198761a,1,0,0,0,0,0,0
0xdeb0a21bc70a6052ec748042d5d2b889ad94e470,1,0,0,0,0,0,0
0xdecf7be29f8832e9c2ddf0388c9778b8ba76af43,0,1,0,0,0,0,0
0xdee02d94be4929d26f67b64ada7acf1914007f10,0,1,0,0,0,0,0
0xdeec3ec3d942a50f77d9e4d6912a008a2bede2b3,1,0,0,0,0,0,0
0xdef5dce5781220efda3f5235cc6e5dd5a08e22bd,1,0,0,0,0,2,0
0xdf18a53c2eeb81635c306c555d7a844e42bf7134,0,1,0,0,0,0,0
0xdf195c2101959f6f39f583ffa5a2aeae71c0f503,2,0,0,0,0,0,0
0xdf1b1b23f34de198a6881880b345419b59ca38d0,1,0,0,0,0,0,0
0xdf329603bd378021698f9833cd5205b52f9e370e,2,1,0,0,0,0,0
0xdf4b22695eeb4a7a1cf9a42162285ce782b8427a,0,1,0,0,0,2,0
0xdf59f9b549305724b1fa868cb9d0898721404c1f,0,1,0,0,0,0,0
0xdf6fbcc8a17cd1643581a436a909d29327fa7e20,0,1,0,0,0,0,0
0xdf8ee682d538d9a6f8d8e97fe7635baa5c27b63d,1,0,0,0,0,0,0
0xdfa08673b5047d7fddee3dead25a9aad9cd0473b,0,1,0,0,0,0,0
0xdfa66ec49cf0102fb8906ee3dd6a70597d9720d4,0,0,0,0,0,2,0
0xdfb9e87ff81cb089484ef8150a21be80f6cdd401,4,0,0,0,0,0,0
0xdfbd6a960a55bcfcf59d5925351e05a51498bcef,1,0,0,0,0,0,0
0xdfbfd64726b1b178ef8204ae4992f641f31c8248,1,0,0,0,0,0,0
0xdfc5dce1a27e6110107817a352ebe4dd9dc6b157,1,0,0,0,0,0,0
0xdfccdbd82b578cfd862a9f9741b2ddcd2c9b1e22,2,0,0,0,0,0,0
0xdfd8e9fda3ac12884e35eaea35d763517bb79176,2,0,0,0,0,1,0
0xdfe2ee9d6242be4b7e19ec18e4d0d4c15a2af2af,2,1,0,0,0,0,0
0xdfe36fefdf20a6cffd0a42ee789c93f446b3df95,1,0,0,0,0,0,0
0xdff95d14094b92ad5dd042fdb47b6f25f33fbbaa,1,1,0,0,0,0,0
0xe0090146f0eb3193a8a12380e3ec14732589e41f,2,1,0,0,0,0,0
0xe01ba6c593003b0edcd43b7839a7c36b00a44dfc,0,0,0,0,0,2,0
0xe031457dd79af958b30968ed9ed0b1d8ec8d3e74,1,1,0,0,0,0,0
0xe046fde3cc56defd3849269ab06404cca59b215f,0,0,0,0,0,3,0
0xe0a8a9b7c821d9bbd66b826129d4cf1b219ebb3a,1,0,0,0,0,2,0
0xe0b38482164468a11558606e98d9985e57814cd9,2,0,0,0,0,0,0
0xe0c3f2deaa356fea4b6a1355674a766cb5821589,1,0,0,0,0,0,0
0xe1005f9a9278d48b4917f7702d0d2c8800acc04e,3,0,0,0,0,0,0
0xe120c1ecbfdfea7f0a8f0ee30063491e8c26fedf,1,0,0,0,0,0,0
0xe1291032766b81488dc565479503a103489f78d7,1,0,0,0,0,0,0
0xe14f29c22f47d1ca8dda796a6718c6bd0be0b3cf,1,0,0,0,0,2,0
0xe1521029d2591ba2a0f92b6e744a825f665f748b,1,1,0,0,0,0,0
0xe15422570cb3cd88bd7ef87f14c6ca7c43f77398,1,1,0,0,0,2,0
0xe1568093d653cd66b71a6f6eff4538483a86122e,0,1,0,0,0,0,0
0xe159ab639cd6d5d8c83bcda4bd114480c9ce197b,1,0,0,0,0,2,0
0xe15a0b179c40445e2e23d1930c3d220ba4324793,1,0,0,0,0,2,0
0xe15f00d73a7d848af7ac8bc94f9a6ad820dc9403,1,0,0,0,0,0,0
0xe1754d039c839192ee193d5cf8406fb24fcb421f,1,0,0,0,0,0,0
0xe1a0a311adb89920816b79029484ea9b7d1ef32c,1,0,0,0,0,0,0
0xe1aa715fb68efe7723ccf447428e58d4ff756ee8,1,1,0,0,0,0,0
0xe1dbbce4570b815b6ce3434bb3097dc9f453c565,1,0,0,0,0,2,0
0xe1e70407c8cdb588425fe7736e30df139110949f,1,0,0,0,0,0,0
0xe1e83a85c9db1bbd7cfab3e6bffaf255c5013adb,1,1,0,0,0,0,0
0xe1f07d93ed4469d27c978d8c03a78386eeadbc78,1,0,0,0,0,0,0
0xe2fe5e7e206e7b46cad6a5146320e5b4b9a18e97,2,0,0,0,0,0,0
0xe30980cb82afe59f38935fdd6d3b60e688877677,1,0,0,0,0,0,0
0xe30a7eb71dd59538e2d4f03a4e63ea9a155857d1,3,0,0,0,0,0,0
0xe3147bc1046fab87292e1b743c1e657b37262496,2,0,0,0,0,2,0
0xe319847f14624ad62a99c7eb5e6d738f61fcf185,1,0,0,0,0,0,0
0xe31ced3343f21e5cad5d31163bba5899ee01d813,1,0,0,0,0,0,0
0xe31d93278aa45075f06376603d37adef06b37b5c,0,0,1,0,0,0,0
0xe34443095f78099675b165f07559e9b48450c77e,0,0,0,0,0,2,0
0xe344757aea83ac838f22e757991489993e5d3760,1,0,1,0,0,2,0
0xe34cae5cdc42afd4c68727a936908918b5faa675,0,0,0,0,0,2,0
0xe34e1944e776f39b9252790a0527ebda647ae668,0,0,0,0,0,2,0
0xe35ff61bbec1c56f5aa304de7bf173d29970d0ac,2,1,0,0,0,0,0
0xe365b3d6cd69aa6e530c9b5a4b22aa10892273cb,1,0,0,0,0,0,0
0xe36df5bb57e80629cfc28a31e5f794071c085eca,1,1,0,0,0,0,0
0xe3818504c1b32bf1557b16c238b2e01fd3149c17,0,1,1,0,0,0,0
0xe386b139ed3715ca4b18fd52671bdcea1cdfe4b1,0,1,0,0,0,1,0
0xe396d4f507b5a02fcf94fb999c9964d02be189c1,0,1,0,0,0,0,0
0xe3a15cad61136efbcc1571fdac8badc1388e8603,2,0,0,0,0,0,0
0xe3ac32bbf9e3661c3aff4ee2f80706abaf7c7ea6,2,0,0,0,0,2,0
0xe3b0fe57f7de3281579a504dcc3af491afbb23e5,0,0,0,0,1,0,0
0xe3b9925eae947f0fc29fb88c46c09a1ef88b8c63,0,1,0,0,0,0,0
0xe3c55be451b7e4e97eb75f2729d41d8d563cd41e,2,0,0,0,0,0,0
0xe3d424dffecc3759fcc997f5eba2a01a58585405,1,0,0,0,0,0,0
0xe3d474f3686a831bf380498d1dbd57fdf972ca30,2,0,0,0,0,0,0
0xe3dbf587330d9b8f127a3f38dabf9aa3c90d3187,2,1,0,0,0,0,0
0xe3dd9bb9022c805660a2cd5914f89e92014229c1,1,0,0,0,0,2,0
0xe3e2deb0d893834d5a6ff23e875e9a3cb770d3ff,1,1,0,0,0,0,0
0xe3ea690fefbc27ddc49d3329fe6d42ffc1657191,0,0,1,0,0,0,0
0xe3ec74dbce6ee1d8680e38714b67ab5535c95bdb,1,0,0,0,0,2,0
0xe3eec4b1a59dd6b42a98c2f7ad64b56fee15337d,1,0,0,0,0,0,0
0xe8b44c1bf8909526d789792abeaabc45de0146d3,3,0,0,0,0,0,0
0xe8c850af3e5c2c45cc85a3faa7a8fb259d939136,3,0,0,0,0,0,0
0xe8d5a2fc2ff2d5de90c98daa6aaed8b250d7965b,2,0,0,0,0,0,0
0xe9c1b6ddf7a99f969cf3ef6ffb0224d018a0e0ca,1,0,0,0,0,0,0
0xe9c7bf5da52566cc9e5a3157c3d29bcc809d072b,2,0,0,0,0,0,0
0xe9e3f9cfc1a64dfca53614a0182cfad56c10624f,1,1,0,0,0,0,0
0xea8c9db193996bbc3f6a9afbdbea2b3b62c11253,1,0,0,0,0,0,0
0xeaa9ed293e094084defd04cbced34e3ed4244881,2,0,0,0,0,0,0
0xeaaa3585ffdcc973a22929d09179dc06d517b84d,1,0,0,0,0,0,0
0xeaac4254f43b1802a32c2b2eeb0241ddc39eb561,1,0,0,0,0,2,0
0xeaba6368d6fa9ed06e569ba5c57f584a329a5152,0,0,1,0,0,0,0
0xeabe0704fbcc5fc7dd5f43c10fc158de0c466e69,1,1,0,0,0,0,0
0xeaccc0629333678b2e8d241422cbaa444e6054fa,1,0,0,0,0,0,0
0xead527531f9e31c989c6be6e9cf4abfc7531c999,1,0,0,0,0,0,0
0xead7adf1bf0df9f03b15429d82ea1f70ebd619f1,1,0,0,0,0,2,0
0xeae08961bf8bfe92879b1455c96893e313c8d858,3,0,0,0,0,0,0
0xeae2e3259d6d56451f4b3bc957ffbfcfaaebcac4,0,0,1,0,0,0,0
0xeae6c55570afcec8fff6dfe866dd142369b87251,0,0,0,0,0,0,1
0xeaeecb5ab0e169eb52663fe26d52485ba29d7bd6,1,0,0,0,0,0,0
0xeaf503fd64d0cf9278f29775b78c6f31001ffebc,1,0,0,0,0,0,0
0xeafd8b734e32aec64c4b445e9da401427ef63a3a,0,1,0,0,0,2,0
0xeafeb35076d61ea2b0eeed2a31db61b07d2835d1,1,0,0,0,0,0,0
0xeafff1c115d5f8060531356a21c46668eff6da96,1,1,0,0,0,0,0
0xeb0223b8610f7a2d2d8dfa1b98bb2eed8e162a9f,2,0,0,0,0,0,0
0xeb0314359a3ecccfcb2df3c4c0c9e509b4d12a73,3,0,0,0,0,0,0
0xeb0335a35d10cab0c0d615d999d657a50cfd44f0,0,1,0,0,1,1,0
0xeb097159eae3e08e835542e421d16973ecf2484f,1,0,0,0,0,0,0
0xeb09ee9f510d87ffdff43e16cc4683a8a6288534,0,1,0,0,0,0,0
0xeb0c680b2e42685bc836922d416dfd836704ab09,1,0,0,0,0,0,0
0xeb11e4be8eec4a2355e8ff625fde72f09b1b6e07,0,1,0,0,0,0,0
0xeb14e8d94010d402fff3decaa712aa9cf4662a72,1,0,0,0,0,0,0
0xeb156f1722c1357518fe2599bd8362fb19a56757,0,0,0,0,0,2,0
0xeb25705503f5f8eda0e16bca10a5041c46f43daf,1,0,0,0,0,0,0
0xeb303e364be9e54f7ed9b934595b4ab850ee0e74,1,0,0,0,0,0,0
0xeb30a047fb51da2ec987db551522fe63aff2cc76,0,1,2,0,0,2,0
0xeb36a7650ef32f0643d39cf5b7fcefd4319febb9,0,1,2,0,0,1,0
0xeb41d9b0326b787a7c767478cfc4d060c6aa9dbd,2,0,0,0,0,0,0
0xeb438574aa39d044f48199178a5cd92133c574b0,1,1,0,0,0,0,0
0xeb483c154a6d0b9cf3e22ceef7a2f91692494d0c,0,1,0,0,0,0,0
0xeb4844a87937c9ee3ae6c89268806c0ab5bd5dff,1,1,0,0,0,0,0
0xeb5518602c22154970fd43447939b1dfef053b9e,2,0,0,0,1,1,0
0xeb58f27402212bd93086c0ce5a8eba45131ba160,0,1,0,0,0,0,0
0xeb61a78f06fc606d82892a38ea581c2bb7f82570,1,0,0,0,0,0,0
0xeb62b8c5c4f0f5d59a7f060554c13e8f38f4de9f,0,0,0,0,0,2,0
0xeb6486b13b56314b37aacac2ec6889d11a763de1,0,0,2,0,0,1,0
0xeb6aaeff15f1faa7acecb0627364294fb085fbab,2,0,0,0,0,0,0
0xeb6ce9be3591d95c2bb5ce793ee2b9c58322bb9e,0,1,0,0,0,0,0
0xeb71e963645f1e76f233f70e1b0815e8f089bbc8,0,0,3,0,0,2,0
0xeb72f169016fec42b63ae5e87207f0fb274408c7,0,1,0,0,0,0,0
0xeb784e034f193e570a2744105008aa313b08a1bb,0,1,0,0,0,0,0
0xeb7c20027172e5d143fb030d50f91cece2d1485d,0,1,0,0,0,0,0
0xeb7e512e297fa247bba1d94012ef26a0ffe67095,0,0,0,0,1,0,0
0xeb866857b3af66d050af116f06f207fecc9384fe,0,0,1,0,0,0,0
0xeb86a173e0311a28cadc24f85dbad867bbf34f73,0,0,6,0,0,2,0
0xeb86dfc14848b56955051cfd9d696bafde1d6027,3,0,0,0,0,0,0
0xeb88d4a6e484a9a9f4f86dc853cc0f3e2f835360,0,1,0,0,0,0,0
0xeb907a50921e052cbee233811beaf0839d2a98fd,1,0,2,0,0,0,0
0xeb9114b0389b72d7f0458467661b1d932666a211,0,0,1,0,0,0,0
0xeb914da749340266ac474f930c65c2ed4df89922,1,0,0,0,0,3,0
0xeb92266ba75dc3ff16a12e9ea4f1d20ca1560beb,1,0,0,0,0,0,0
0xeb9432f45ba981a907b6cfdd91fe71de10bf59f3,1,0,1,0,0,0,0
0xeb9b5d44ba6225eb74101549fc1c45576cb3c42e,0,0,0,0,0,2,0
0xeba4ce0d799fe901f3af52c0e0f088d026b11c81,0,0,0,0,0,2,0
0xebaa1766c577a1ea5833f0502bd9984aef22c61f,1,0,0,0,0,0,0
0xebab54bc598cf129bc825d24afa6563a7af98636,2,1,0,0,0,0,0
0xebafa3504fa15e481b45ab1ca8b75923d7570f5c,1,0,0,0,0,0,0
0xebb060f9d0029082a04f78d84b9fb9d3d26f9a93,2,0,0,0,0,0,0
0xebb874d6c5e8eed9b37e8a00460126eee5b119d4,2,0,0,0,0,0,0
0xebb90a6c3e7bbbf0ec32a0d0ecfda79aa983b1ca,2,0,0,0,0,0,0
0xebbcdc146b536557782acb9f7869627ad92fb5aa,1,0,0,0,0,2,0
0xebbdf302c940c6bfd49c6b165f457fdb324649bc,0,0,1,0,0,0,0
0xebc39fa7796d281549f63058b0de56a7199890b9,1,1,0,0,0,0,0
0xebc86d834756621444a8a26b4cf81b625fe310cd,1,0,0,0,0,0,0
0xebcf88fb2783bbb75b12df3f33627efa894afea4,0,0,1,0,0,2,0
0xebd79044b0a3261b5f2ff95bd06e3a17e7d109fb,0,1,0,0,0,0,0
0xebf0027ef3b4b7a742a148cddb0f2b14e5d8f0e9,0,0,1,0,0,0,0
0xebf2f9e8de960f64ec0fdcda6cb282423133347b,2,0,0,0,0,0,0
0xebf3aacc50ae14965240a3777ece8da1fc490a78,1,0,0,0,0,0,0
0xebf6245689194a6e43096551567827c6726ede0b,1,0,0,0,0,0,0
0xec0a501c31c9bddf41d79f1cd1fe46a512cac555,0,0,1,0,0,0,0
0xec0dc71b3e5fc3f8ddfc655e800ae6d9b55f993f,1,1,0,0,0,0,0
0xec11958f705ab1185c539f293eaf6718c1702adf,0,0,0,0,1,2,0
0xec193241dc1ca3bbe3165de6d37a793585b4504e,3,0,0,0,0,0,0
0xec1bfc5a4a5655db224a6c591959865a837f53ba,3,0,1,0,0,0,0
0xec1cad815b5e8f0f86bb8fb2add2774886e79cf0,1,1,0,0,0,0,0
0xec23f15aab7aff18f3142cc84a98e72009ecd8a3,1,1,0,0,0,0,0
0xec270e8f52b492dd0c2dcd43fc6f868e78f49f18,1,1,0,0,0,0,0
0xec2a74d48c0d5dc1e4ec2677d33d87def3244b49,2,0,0,0,0,0,0
0xec2e5c8d51fdd54fef83db8300399a3c2e167922,0,0,2,0,0,1,0
0xec3184af01ad86be9b54b6eb88c582bba53f4f65,0,0,1,0,0,0,0
0xec33fb8d7c781f6feaf2dd46d521d4f292320200,1,0,1,0,0,1,0
0xec4b33d0a62776d93e100550e537e64d61201eeb,1,0,0,0,0,0,0
0xec6ad638412e559f532cff8038758fa6049ec0fe,0,1,0,0,0,0,0
0xec6ce30daf8195a65c83a29025bd334bc9481ca0,0,0,0,0,0,2,0
0xec71870d02ba5c392ec8f64837e314b28afa4222,3,0,0,0,0,0,0
0xec760f48d714255aa63007c85cd739b1c623513e,0,1,0,0,0,0,0
0xec7ba2ff3c46b9417d34ca9941ae2f62268c5add,0,0,0,0,0,2,0
0xec841073efd8e68ddffbd6cf440f2548684345ea,2,1,0,0,0,0,0
0xec841c878435ba4f28bf305a00c1483db0d96a20,0,0,9,0,0,0,0
0xec8e116d8840edcd78f9f6cd108d187fd6cea7fb,2,0,0,0,0,0,0
0xec8e410316bd8d45cf660fdfd1fbd9eeafe9ed6c,2,1,0,0,1,0,0
0xec8f9a0de90487e7aa172fe5291fd19ad7163aa1,1,0,1,0,0,0,0
0xec91fcca41e8ab83dd5bc2bbcc2ffb71e314ba25,0,0,0,0,0,2,0
0xec94d178d97bac527fdcd4b3d4bf41b57d640c5b,0,0,0,0,0,2,0
0xec985525f3f22c7fa9c9ff4a49e37589a76d86d4,0,1,0,0,0,0,0
0xec987914ade432ce9806f418787a4ed0b0e77000,0,0,0,0,0,2,0
0xec9a75a532311b6102d91d439e1db055dc9414d9,2,0,0,0,0,2,0
0xec9b0d650d98482fbe347edb9360b34472d78939,1,0,0,0,0,0,0
0xeca0415f309789ade195a51988d760b6d51f5de9,1,0,0,0,0,0,0
0xeca2967b2a2cc584495b2226372bc0dde481f857,1,1,0,0,0,0,0
0xeca6f09d8570b5bc9f3fe77bc2a0e41d23983c00,1,0,0,0,0,0,0
0xeca7f8aa63d1d28fafda5fdf021388b5d7166dee,3,0,0,0,0,2,0
0xecab747bebdbc679ae03349ae325399b0ad7092c,3,0,0,0,0,0,0
0xecb79a9b7559168174c41b153997bc462b6dfe4e,2,0,0,0,0,0,0
0xecbd0854075009d23360c62da07047efc2312144,0,0,0,0,0,2,0
0xecbed48098c4f25a16195c45ddf5fd736e28b14b,3,0,0,0,0,0,0
0xecbf1d636aefcb6025cae717d7103dd4a441fd99,2,0,0,0,0,0,0
0xecc3a47f5d0ac33db287d8f9debf03830853cbb9,0,1,0,0,0,0,0
0xeccab39acb2caf9adba72c1cb92fdc106b993e0b,3,0,0,0,0,0,0
0xecce0b5fc9ee365ee998307579fa4de7a803be3b,2,0,0,0,0,0,0
0xecd5214f25083fe68cb51d3fd693c09f7fde00d4,1,0,0,0,0,0,0
0xece0429a5130ebe0616363939067eefca4fbaceb,1,1,1,0,0,3,0
0xece701c76bd00d1c3f96410a0c69ea8dfcf5f34e,1,1,0,0,0,0,0
0xece73b9f0e0a3d7f33f79fd1d77cb344288b9966,1,0,0,0,0,0,0
0xece7814a9691a94e7f3d9354155e21cfb291e13b,0,0,0,0,0,2,0
0xecea1d051a5c3339983ecc2dbdc3f38a7f52c636,1,1,0,0,0,0,0
0xeceb4f23326a5a721a8d6dd4c10902d163b16a68,0,1,0,0,0,0,0
0xecec76db2f65a2669437b2bca5703c7e07b8d12a,1,0,0,0,0,2,0
0xecf76325ca637c04997087fcd337673a12eb351e,0,1,0,0,0,0,0
0xecfae6f958f7ab15bdf171eeefa568e41eabf641,1,0,0,0,0,0,0
0xecfbc0c5bc5cf4a266c1a90db0a4fe79c82bcd93,1,0,0,0,0,0,0
0xecfd249f3fb1c32b45b58c67110a25ce9de1ddb5,0,1,0,0,0,0,0
0xecfe4b7afc47260cb590d3043d3f790a61bb7910,0,0,1,0,0,0,0
0xecfeb4a1bb01e0a9530b40fd6bbe3954529393ec,1,0,0,0,0,2,0
0xecff8fc2a19f83fc855618704f38725756dbcae3,2,0,1,0,0,0,0
0xed00ce6e7959b6c6b90ad09d0674dde6219a0d84,2,1,0,0,0,0,0
0xed01e8865689602a840fa4855f0d7886268f250b,1,0,0,0,0,0,0
0xed023b117953fcfaa92150d3ebe3e987d19563ce,1,0,0,0,0,0,0
0xed04927a3849fc9db3f3341a17b7d844a6c551a8,4,0,0,0,0,0,0
0xed0577d074be9f605f0967fe6a8b3174d92e5e36,0,0,2,0,0,1,0
0xed0c3e1d538fda7370c22c4c3f3dc076ab51bd00,2,0,0,0,0,0,0
0xed0f41abc9fdb3052ebd5391c80e1ee792ec4f42,1,1,0,0,0,0,0
0xed17658ad6b3fe87c7dc7323d0e77c4116a23626,1,0,0,0,0,0,0
0xed19698c0abde8635413ae7ad7224df6ee30bf22,1,1,0,0,0,0,0
0xed2192afa8c062dfd6883759380b7f2d1dc6c0c0,2,0,0,0,0,0,0
0xed26c38f8c1b007c945b28a8acbc4e05243ab768,0,1,0,0,0,0,0
0xed26cf773ac74d213668ccfda7de0831a6a5bb96,4,0,0,0,0,0,0
0xed2725cdfc48a24aa71d9b9621d431db0705a55a,1,1,1,0,0,2,0
0xed29ff5874fa64dcf47ed7dacb770857a5d164fb,1,0,0,0,0,2,0
0xed2f35867a1afc19eeff7f0fbd7cd30c0c8c288a,1,0,0,0,0,0,0
0xed3572df7d22c6af7c6a40f907224e9acdc1a6bf,1,0,0,0,0,1,0
0xed3762edcc5820a5587105d7b9f574c711c4a700,0,0,1,0,0,0,0
0xed37a1395e3c9db3e6543ea770b91ea0e8bd4f05,0,1,0,0,0,0,0
0xed3c00a6c0da9a64c307719da5ce629c6ee66dfc,0,1,0,0,0,1,0
0xed3ce5919656b9988ab33c04a0e684ec94043f5b,2,1,0,0,0,0,0
0xed42398a3df99e482039c2aec8000dba75296ee9,1,0,0,0,0,2,0
0xed462f6d5a89cc5cab505c0549c2a4e7bbd2522b,1,0,0,0,0,0,0
0xed4e924384c036d67e1539ec7bd6fe1b40a9ed7b,0,1,0,0,0,0,0
0xed4fd2e53153b8bfd866e11fb015a1bc4a0e9655,0,1,1,0,0,0,0
0xed51040da497901107870ece117f9ed8df4f4e52,2,0,0,0,0,0,0
0xed59cf07c469f071fa1eb268f3b62d744ae572c0,1,0,0,0,0,0,0
0xed5a90efa30637606ddaf4f4b3d42bb49d79bd4e,0,0,0,0,0,2,0
0xed5c2ce8b29bd874374532e059b49e85b7e8fa5a,1,0,0,0,0,0,0
0xed616b87b2b441e4a36d23f27a660ea0f0faccbd,0,0,0,0,0,4,0
0xed63587dc85a957bcc08b4324415371e70372deb,2,0,0,0,0,0,0
0xed678608de045609da5a7a459c5416fe25bc5532,1,0,0,0,0,0,0
0xed6849727f7b158a14a492bd0a3bf4d7126f7f71,0,1,0,0,0,0,0
0xed6c511ed66b172c4d28eac2c3dacc62972b1b7f,0,1,0,0,0,0,0
0xed6cd75aac7db5abbf382673dfe76e27c7399150,0,0,1,0,0,0,0
0xed710216da4b1416a78768790ca9aa3633ca110f,1,0,0,0,0,2,0
0xed729b839322574294133c88780e809bc56abaec,0,1,0,0,0,0,0
0xed787fc6835408bfc3ea8e24dfea1f4ea54be982,1,0,0,0,0,0,0
0xed7da010027967365e0a7c370c1dde2f9fe4477f,1,0,0,0,0,0,0
0xed82730312babb41367e060911f798002ffa445f,2,1,0,0,0,0,0
0xed846c2962df064b6fecc7029bc5cd366699cc7f,0,1,0,0,0,0,0
0xed8a2697d1af8f8cad0f6c5b9962d868d4ed2a41,0,0,2,0,0,0,0
0xed98b38f4fc2fcc633465b699f6d983d96e1fe8c,2,0,0,0,0,0,0
0xeda2b1cc85743ad07d6eb8e5a22cdbe142c10e6d,2,1,0,0,0,2,0
0xeda8b016efa8b1161208cf041cd86972eee0f31e,0,1,1,0,0,0,0
0xedabc2a993cd24d01fe68a200b98190250969714,5,1,0,0,0,0,0
0xedac0e5bedf702accc3a9b2b4b44b4ba0806e882,0,0,1,0,0,0,0
0xedb94888eff041eb50c9fc92c360f66afb3b94c5,0,0,0,0,0,1,0
0xedbbb686a3b2ee4134b88ebbd788ca16e1f733ab,1,0,0,0,0,0,0
0xedbc41b7d0330860be1dd8d682b2e868ae6da6e4,0,0,0,0,0,2,0
0xedbe509e65f7425016265a049941311497c0099c,1,0,0,0,0,0,0
0xedc1936bbe9fee2abc523ad237aa62a3a3722177,0,1,0,0,0,2,0
0xedc1a631d4c3d0f554da14a4bce630f6cbc30a68,1,1,0,0,0,0,0
0xedcbfdf37c11aa36daaa6944386e494ae00e2d42,2,0,0,0,0,2,0
0xedd016bab019202440eda7c606d09bdbe2d941d3,1,1,0,0,0,0,0
0xedd4941d09bb0fafd230100c86ffbbd7907b6fed,1,0,0,0,0,0,0
0xedd9acd849aa2d38c9d763b21652c7f5d714aff0,0,0,0,0,0,2,0
0xeddbe73b7ed6d6d2887ba7349e411a5b7dcf0e16,2,0,0,0,0,0,0
0xedde8f9b753ae899794f09756e11999cf54c82c5,3,0,0,0,0,2,0
0xede35fea9186f117d90c450a390bb6d6fdd70afb,2,1,0,0,0,0,0
0xede4edd0c0209db3172a9a07607b47fcf57e6355,2,1,0,0,0,0,0
0xede79a28fe8e2edb3efb629e7396034f76c22cc3,1,0,0,0,0,0,0
0xedebe7749b91a475918750842256f23fbe8e3029,0,0,0,0,0,1,0
0xedf19b437d1a67e18b15dd4a859dd52f9cfa012f,0,0,1,0,0,0,0
0xedf7eac72ff28dbcde6aa14322726a7d05739007,1,1,0,0,0,0,0
0xee00c8718d39da102d2023c5540c9840ed840cb9,0,0,0,0,0,2,0
0xee045942b043b92cca0c454a553649eaa80873ea,2,0,0,0,0,0,0
0xee10638c311eeb0bbacea3ec7f04c94ca7d709a0,0,1,0,0,0,0,0
0xee1b90c203b6e0d11b090dd5b588602e44efd7b1,1,0,0,0,0,0,0
0xee1f0f9731ee93736e219598e6aa441ad36ffc61,1,0,0,0,0,2,0
0xee2157c15a43be80faac64801ed89c8d8e2c4d3a,4,0,0,0,0,0,0
0xee2398f96f1e8c53c5ad8eced9c2c25537e9d821,1,0,0,0,0,2,0
0xee278a3543afbe4c1639b430774537995c6bd995,4,0,0,0,0,0,0
0xee284b58871645ce2656e309e238c5e2eace771a,1,0,0,0,0,0,0
0xee2972a6177c28f3efacb1862a1a8507c3f10faa,0,1,0,0,0,0,0
0xee2c03ae385d5c628793ee7b68f4523e83449f40,1,0,0,0,1,0,0
0xee395235ac363725c6b895d8994706cb7050482f,2,0,0,0,0,0,0
0xee3aaa50b8000cc87d66cd3d4704fd3316fc8725,1,1,1,0,0,0,0
0xee3dc775669d2415cad8b5b424e6c97ad60ebef5,2,0,0,0,0,2,0
0xee3e4e2467c0c5aa7b7d944881d51ccb36fefcca,0,1,0,0,0,0,0
0xee522a9bbe2507546aec572cea7be0f250cba0cb,2,1,0,0,0,0,0
0xee53ca3ae3d296c0f2a128138d12a0a3a60fa1f5,0,1,0,0,0,1,0
0xee58a891d2697c7e59d11b20a4f39ab7d62713d7,1,1,0,0,0,0,0
0xee58ee0b1519bb47801812a3a9c83ab600c63d81,0,0,0,0,0,4,0
0xee59784fc8fba300ae37fa41e229163dfaeb68c3,1,0,0,0,0,0,0
0xee6189995391e82bc48c8bed50285767c60d807f,1,0,0,0,0,0,0
0xee6465f5df390676c02ebe15cdad07d63e4b1ad6,1,0,0,0,0,0,0
0xee68907c93b57d57a1c4d60940ff1b310e18e467,0,0,2,0,0,2,0
0xee6be3671b9d6a129573d89fc72deb074e61d0ec,2,0,0,0,0,0,0
0xee6d409e9d08af082c2493ea955a0d3ea418dc0f,0,1,0,0,0,0,0
0xee7477b1c42d173c0791cecf2592f6a8a4c16b0a,1,0,0,0,0,2,0
0xee87fcb3b7d1ebe916193321f54cfefa41c1604d,1,0,0,0,0,0,0
0xee8bec5ee443ccfa0d75f0a4278ddf6b59abd6f3,0,1,0,0,0,0,0
0xee8c1500e3b5d8463980f8cfd8f2d58b692c4980,2,0,0,0,0,2,0
0xee8c282901c523d1933478d223f28d2a25c4b63a,1,0,0,0,0,0,0
0xee8d31fb0c278de147e621c6cee5905c1a5d4323,2,1,0,0,0,0,0
0xee91e81927bb047ea0f4b24e43dd5dc0684827a0,0,0,1,0,0,0,0
0xee9654e94b3f09f96de0a702fe17c2b7c849aa86,2,0,0,0,0,0,0
0xee9908222b061ab6aa632b6c4f45d21c5aa6f08c,1,0,0,0,0,0,0
0xeea18d90ad58f50fdab41a61b0d5dc1dbd891af2,0,1,0,0,0,0,0
0xeea20a760a1a7f92cfafb4140148a91d8c90cb97,1,1,0,0,0,0,0
0xeea59c2f2e85272fc2f7e38d6b556f25ce8e7d68,3,0,0,0,0,0,0
0xeea8cd2150b0438555b515f0bdd1ded0d84eab8c,1,0,0,0,0,0,0
0xeead74c98c573b43a1af116be7c4debb0a4fd4a8,1,0,0,0,0,0,0
0xeeaf418943fd5860d90676c1d739eebc6d3e28fb,2,1,0,0,0,0,0
0xeebf279ee18d7d7fc11cb945975db1a38eb94058,0,0,0,0,0,2,0
0xeec174310a20cbfd3032b1d205c2171e2a6d9afc,1,0,0,0,0,0,0
0xeec58a6a1584145106693c24115b7efebf9de896,1,1,0,0,0,0,0
0xeecdfead2d05f0708450db0ddd65cd513a9b1eea,1,1,0,0,0,0,0
0xeece3bfd3c83715f1f801dfa6b735ac9093c5bc3,0,0,0,0,0,2,0
0xeecf94be6fd3f8480285bad2b2bc5a220e0e0fcc,2,1,0,0,0,0,0
0xeecfa1f63f9cce7ae80a49d5341dcba2563d72e1,1,0,0,0,0,0,0
0xeed30721320b6372128e47dc48122fc2c65c1baa,1,0,0,0,0,0,0
0xeed618c15d12c635c3c319aee7bded2e2879aea0,0,0,0,0,0,1,0
0xeee07485b432c56d38bb7e1a8f5d57322cb78f89,1,0,0,0,0,0,0
0xeee7c7e228eafb0f8945c5dbaa8ea4f6ee12b36d,0,0,1,0,0,0,0
0xeee90e509a639e95e3bb502b17a0eed6e014bfc0,0,1,0,0,0,0,0
0xeee95f7af91b4611c0a707a0012e3ba06f7ca8d9,1,0,0,0,0,2,0
0xeeedac8686ae12183129e80e632e922dd8daecc4,0,1,0,0,0,0,0
0xeef8102a0d46d508f171d7323bceffc592835f13,2,0,0,0,0,0,0
0xeef8bf4482a43bbab92868ae7dad36548ce5d596,0,1,0,0,0,0,0
0xeef93ec835c7921038d55ee096671a94e961709b,0,1,0,0,0,2,0
0xeefb40cd8224c2986f391b62b206c7a018885517,2,0,0,0,0,0,0
0xef02c45c5913629dd12e7a9446455049775eec32,1,0,0,0,0,2,0
0xef078a64e1593afee09912d18097bc49fa74c7a9,1,0,0,0,0,2,0
0xef09dd7bc772d135778e58f0696132ce7610ab34,1,0,0,0,0,0,0
0xef0b91addd85c4cb5ddc622778f9ab8f29cb939d,2,0,0,0,0,0,0
0xef0d06439cb7136ae8ee711869d56a202edf9e7d,0,1,0,0,0,0,0
0xef106bc813cb65695f5a2c01c1ba3403e7e583b4,1,0,0,0,0,0,0
0xef19256160e4107b1de93b1753b25e3c4e889caa,1,0,0,0,0,0,0
0xef266e135e0e11ec49c37f910c0a12dc99758323,1,0,0,0,0,0,0
0xef2b48f279c45bec606efafb63e2372c97db4809,1,0,0,0,0,0,0
0xef47dd38cc0c2856a27fb1964b066ec33426e979,1,0,0,0,0,0,0
0xef4bbb338e2d21ffcbde49ea2b94befe2bba05f1,2,0,0,0,0,0,0
0xef511cd832613f77a6c6cc8ab5ce6a8b4181c9ba,0,0,0,0,0,2,0
0xef51c9377feb29856e61625caf9390bd0b67ea18,1,1,0,0,0,0,0
0xef51ebde726a24d5f00c33c3e692d2ed83557172,1,0,0,0,0,1,0
0xef58491224958d978facf55d2120c55a24516b98,0,0,1,0,0,0,0
0xef5eb9a12981bfbcdc5648ad7852f298c091cbc5,0,0,0,0,0,2,0
0xef68e7c694f40c8202821edf525de3782458639f,1,0,0,0,0,0,0
0xef6ad5b5e389b3676ca1c666d88821d4d5cad2ae,1,0,0,0,0,2,0
0xef6da6e6e72e3381a1f97ea520d2844582d85edb,2,1,0,0,0,0,0
0xef7149290d68db4ae877c8fa32e89f99939eb2bd,0,1,0,0,0,0,0
0xef75f477126d05519d965d116fc9606e60fc70a8,0,0,0,0,1,0,0
0xef7e7984a6e9a77a32eaf6153135526f09f3c794,2,0,0,0,0,0,0
0xef828938155cabfe83affbe726b55d188b4f45c0,1,0,0,0,0,1,0
0xef8544d42df82dda9d3a6e09b47f45f15957268b,0,0,1,0,0,0,0
0xef86db910c71ffa3c80233bc9108dc51ad1e008a,1,0,3,0,0,2,0
0xef8a2c1bc94e630463293f71bf5414d13e80f62d,3,1,0,0,0,0,0
0xef8c1338d35251f16777d42d559284fef8351aaa,0,1,0,0,0,0,0
0xef906c48b8fde48f5f2ceb448b1163bf964ef4ac,1,0,0,0,0,0,0
0xefa9d26bca9dd8baafda25ab249c85bb57bb9feb,0,1,0,0,0,0,0
0xefb0e0d88f674d4c79760f411cba2a10221de4f9,1,0,0,0,0,0,0
0xefbabed10b8fcfca001ffee2752e88e5dd56c1a2,0,0,0,0,0,2,0
0xefbb3f1058fd8e0c9d7204f532e17d7572affc3e,0,1,0,0,0,0,0
0xefbfc3f373c9cc5c0375403177d71bcc387d3597,2,0,0,0,0,2,0
0xefc1b11ad4b183ad859ef220a9c498cb04716a31,1,0,0,0,0,0,0
0xefcbf22cca0596aba478bf13bc8cc4932f35f8c6,2,0,0,0,0,0,0
0xefcc5dcaba4a93046b5f5c24c1281c685154214c,0,0,0,0,0,2,0
0xefcec6d87e3ce625c90865a49f2b7482963d73fe,0,1,0,0,0,0,0
0xefe17f088be79ba802b60ea84ebafb255ea18aa4,0,0,0,0,0,2,0
0xefff7c7d4270268e0d1d75f4f93f856836ac1ee8,1,0,0,0,0,0,0
0xf003e8c65a28a445e0318e83416567336fb1c667,1,0,0,0,0,0,0
0xf013e0ea26cb386b3021783a3201bf2652778f93,1,1,0,0,0,0,0
0xf01af4cf777d8b596bd94a35ccfdf9356eb2a083,0,1,0,0,0,0,0
0xf01d0e76efcea913b3203484a0d82b3995202001,0,0,0,0,0,2,0
0xf01d7939441a3b1b108c70a28dcd99c6a98ad4b4,1,1,0,0,0,0,0
0xf01f5fb688b249e6ba160d07c27410dc980075fc,2,0,0,0,0,0,0
0xf022c002e82faf509ba89698b529ae813b7a735d,1,0,0,0,0,0,0
0xf024628c7bf1ffec7ca184026cd0764ac11ba22f,2,0,0,0,0,0,0
0xf026ba160c18f5342031e25f6e93e2ba264ed64f,1,1,0,0,0,0,0
0xf02904cbf8e5134aeaf45626e96b782ed233fe04,2,0,0,0,0,0,0
0xf030b8fbe57c4498298449fc78a0f7054a5ef76d,0,0,0,0,0,1,0
0xf0344800bd3ffa687e4d780357961b28995a5f46,1,0,0,0,0,2,0
0xf043b9d3285026b77fa9982be5085ab144037f56,0,1,0,0,0,0,0
0xf04605be6f8cbf23d66533da283c816534686f80,1,0,0,0,0,0,0
0xf04c744c90c1c91ce7ec4bfd3ce364ddc5b87f4e,0,1,0,0,0,0,0
0xf04cbb1083138044e84337eb20bb6aef5928a734,0,1,0,0,0,0,0
0xf04ed156972cd144289b6712d19dead025e73a2c,0,1,0,0,0,0,0
0xf051a2f404435d3413337aae24171342fddc8571,0,0,0,0,1,2,0
0xf0552ae7f174e43479159f87a66417cca31eb54b,3,0,0,0,0,0,0
0xf06274d668f923f472abdb67ac3dd38ac1f0bde4,1,1,0,0,0,0,0
0xf064c38e3f5fa73981ee98372d32a16d032769cc,3,0,0,0,0,0,0
0xf0667d12278a5f0519aaa01d91e94d94f7ab0f4d,1,0,0,0,0,0,0
0xf066a61ebcb0a11ec3921cf9fbcca4561877526f,1,1,0,0,0,0,0
0xf0672187043719b6ae52e81495530f6f5e28e307,0,1,0,0,0,0,0
0xf070aaa3149c73626d543e02d4c8826c1762ea71,0,0,0,0,0,2,0
0xf072f26100522ff1d5ecf40e74db5c25643b3e36,0,0,0,0,0,2,0
0xf07628c6b0b517654170f42ea6d7d34cf4d32ad4,1,1,0,0,0,0,0
0xf077155fca8288da1cbdfbc77e5a33e8f2289664,0,1,0,0,0,1,0
0xf079dd66fd50624d1ea26185ea3bf41ca4606187,1,0,0,0,0,0,0
0xf07d979303c50a8632848cb154c6b30980218c07,3,0,0,0,0,0,0
0xf084d5bc3e35e3d903260267ebd545c49c6013d0,1,0,0,0,0,0,0
0xf08a7fd4f4b75188e89d0d27c2ae474858402cea,0,0,1,0,0,0,0
0xf0902adc8ebe58c4874f371066fd339519ae1d32,1,0,0,0,0,0,0
0xf091cf09c51811819db705710e9634b8bf18f164,2,0,0,0,0,0,0
0xf093b8cc623ca76d2743f47ac1da6eeda24b040a,1,0,0,0,0,0,0
0xf099c6ecb16575393b3ba6ac57b4ead943353a52,0,0,0,0,0,2,0
0xf09db3b0b2b9d0ae4a8f84676f2c86a899b1a490,1,0,0,0,0,0,0
0xf09f3788743c18ecdc2cf238163bd0bbbc8a4fd8,1,1,1,0,0,0,0
0xf0a0116885943f5466cb50ed8cf50b15b3d45801,0,1,0,0,0,3,0
0xf0a45032fa69c968489f219d732cc6bacbaf7e55,0,1,0,0,0,1,0
0xf0b3ba2dd4b2ef75d727a4045d7fbcc415b77bf0,0,1,0,0,0,0,0
0xf0b9dd890257c20bb2c733db38d5cd5c8df522cf,1,0,0,0,0,0,0
0xf0ba84690b9bdec4c3175557446dddf6384eec1d,2,0,0,0,0,0,0
0xf0cc17aa0ce1c6595e56c9c60b19c1c546ade50d,1,0,0,0,0,2,0
0xf0ccca32cd300356629216eb301ec6649c7c6adb,0,0,0,0,1,2,0
0xf0cfbff3ed2d09ff731148bc96726e77ce18d649,1,0,0,0,0,0,0
0xf0d1a6dfcce7fb23fee76d8ed89e780c5a2c1885,3,0,0,0,0,2,0
0xf0d4661d04c9a2ea0db5319ea9380ec0118215d7,1,0,0,0,0,0,0
0xf0da1186a4977226b9135d0613ee72e229ec3f4d,2,0,0,0,0,0,0
0xf0eb75d7a2097a25796848c54e9eb862a93664ec,1,0,0,0,0,0,0
0xf0ebda840692b2a6cd8ab43abc57665763100694,1,0,0,0,0,0,0
0xf0ef703a04cf96212031b51d373e8469687f308e,0,0,1,0,0,0,0
0xf0f0ec744a717807a24322d0e2fecc6b73c2d752,1,0,0,0,0,0,0
0xf0f9569413d99964ec01bd900126e90c70edda6a,1,0,0,0,0,0,0
0xf1020306d38c4abf401b065d25867da2654d0681,2,0,0,0,0,0,0
0xf10574791a6e0112f416a55fbcd7803a4d3b1517,0,1,0,0,0,0,0
0xf1171e1e8df34ab97832342c7cbf04d9121a1ac3,0,0,0,0,0,2,0
0xf11e1de7d9876a10b0742da19232f42456ead843,0,0,0,0,0,2,0
0xf122d58b7a4083f103b7336ab05b78d7c6a02a37,0,0,0,0,0,2,0
0xf12bc22c88c4c770b1e116853cc0500bb70a81ca,2,0,0,0,0,0,0
0xf13297aebfe157c4412e59363351779e60ec6b86,2,1,0,0,0,0,0
0xf135b6919b749978ed158beffdead1e8dd4f2a42,0,1,0,0,0,0,0
0xf1379777de65845ed323a08be31c086d0131ce23,2,0,0,0,0,0,0
0xf140a9bd2a35b71006fb71e4229eaf8754bc95ed,1,0,0,0,0,0,0
0xf1488f98b930dc7b9eaa47874b3536944a47654b,0,1,0,0,0,0,0
0xf15f61643eea73be40ad9b72c09ed381fac7a256,1,0,0,0,0,0,0
0xf163484a4b2c32e68b991bc45d7e7fa8c6c596c5,0,0,0,0,1,0,0
0xf1657ae4204d6fc6166833f29447048d0c3ff7e8,1,0,0,0,0,0,0
0xf165c0df0b759e93e6166aecb667c7ec2a300525,2,0,0,0,0,2,0
0xf17a9ad24372faaa27f0bb684e13413a3de84c4b,0,0,0,0,0,2,0
0xf18b97b312ef48c5d2b5c21c739d499b7c65cf96,1,0,0,0,0,0,0
0xf19903d8e5b7d604b62d2a210b39ba9e1e1f93ef,2,0,0,0,0,0,0
0xf1999d14fcfcc2c4068e27702cb9e8f526938062,1,0,0,0,0,0,0
0xf19d446c35570eff44cf9871ee389067ebd6e962,0,1,0,0,0,0,0
0xf19eac69f9566f0b40660bd0cc16234330f38456,1,0,0,0,0,0,0
0xf1a3dc9de80f17a22b43acecaae62f5480063111,1,1,0,0,0,2,0
0xf1a47b728439730e9f83054d7c352575bf13f0b4,0,0,1,0,0,0,0
0xf1add8bf553d0066be17768d6816f3730c476237,0,1,1,0,0,1,0
0xf1afddbed214dba82cb98d46ad0a96e643f7f6f6,1,0,1,0,0,0,0
0xf1badc61da12b94f9a985853e707a82707bf8080,1,1,0,0,0,0,0
0xf1cc2c21df1088acea78756e8f40b3edc5096e5b,1,0,0,0,0,0,0
0xf1ce6b0e8896dffa462b2ff4d2543f417a0d47e9,0,0,0,0,0,1,0
0xf1d0f528cb6b50e0035a7fe03b4bcc58dd09c1e2,0,1,0,0,1,0,0
0xf1d4a93c8718981c51dc0650948045b47810e841,1,0,0,0,0,0,0
0xf1d8fd82da98ed93bca83adbb6ab4dd3c44b35ea,1,0,0,0,0,0,0
0xf1de2728f10d06ac95c309a66964bd702f7f10b3,2,0,0,0,0,0,0
0xf1e6b7f94bb0d70d8a19187f684e4270b0a0c989,1,0,0,0,0,0,0
0xf1eabe0dcf085c9155b7e13c48b54c7662303a90,0,1,0,0,0,0,0
0xf1f01af76eb8515ad7c284e03b8d63f156eec4b9,0,1,0,0,0,0,0
0xf2017c92b068935bf56fea38f9d2c01f184ef14c,0,0,0,0,0,2,0
0xf204af93aa5da4364e30d3f92ea1d259cd8d6a7f,0,0,0,0,0,2,0
0xf208c7a5682d3835a58dadce8e249453ebd0ec0b,4,0,0,0,0,0,0
0xf208f8cdf637e49b5e6219fa76b014d49287894f,1,1,0,0,0,0,0
0xf20a0fadc2bc7ed5fb5839d52d954b3df0e06ccf,0,1,0,0,0,0,0
0xf20a773b3d9f2a1f080fbae1156a5e9768ceb615,1,0,0,0,0,0,0
0xf20b76ed9d5467fdcdc1444455e303257d2827c7,0,1,0,0,0,0,0
0xf20b9e713a33f61fa38792d2afaf1cd30339126a,0,1,0,0,0,0,0
0xf211128cc6d925a3a328647cf78b322b51429c53,2,0,0,0,0,0,0
0xf213d198b68b10654c63a9ed05a045e1d4a50f9f,1,0,0,0,0,0,0
0xf2179f0d0c3b90b6e081d2c25ea2deb077029241,1,0,0,0,0,0,0
0xf217d60e1f7ab5db57329032e07ce14a9d77a4ac,1,0,0,0,0,0,0
0xf21ed2a554d3fcc7b7c88f463b314a227caea7bf,1,0,0,0,0,0,0
0xf221579d18f0c4c10c08ff9fe3d34bdbd7117909,0,0,0,0,0,1,0
0xf22480ac062f109420595b522c095eaf60867e15,1,0,0,0,0,0,0
0xf2249b2f36a21185ab97f83214cd8fc5802bb8a0,2,0,0,0,0,0,0
0xf225b1be475ca4b50706db318c12380a02537394,1,1,0,0,0,0,0
0xf226b12c03514571c5a473b2627f5528da46d263,1,1,0,0,0,0,0
0xf226df00c91ec1fd05e89382edeb7b4b12f6dfab,2,0,0,0,0,0,0
0xf229d6455eeafb436e71ba62a39db172f21d799d,1,0,0,0,0,0,0
0xf22c54b53c8a4c5e986663de601a2b7702964393,1,0,0,0,0,0,0
0xf23dfaba45a9fb74dd18a22fd381befcbfd31b71,2,1,0,0,0,0,0
0xf23fd8e6c2eda7e4d2a5638c8256bd516f7c6a73,1,0,0,0,0,0,0
0xf242930a8ca9e9dce8ce1e4be1bc7fe49ed41283,3,0,0,0,0,0,0
0xf244176246168f24e3187f7288edbca29267739b,0,1,10,0,0,0,0
0xf24c625a1c81543e4673326b8450404995b7f327,0,1,0,0,0,0,0
0xf24c63438ae11cb3facb84006f4cfa75458126ed,3,1,0,0,0,0,0
0xf2570186500a46986f3139f65afedc2afe4f445d,0,0,0,0,0,0,1
0xf25957c81fd208b01ce2f4696210d7d141a6c972,1,1,0,0,0,0,0
0xf265534f967d29190c995314190aa2275f710af5,1,0,0,0,0,0,0
0xf265b27c698f9687ed04876e2f99d8be45ecdc57,1,0,0,0,0,0,0
0xf270f361edca19f7063184b0e6b4f264468ecbc1,0,1,0,0,0,0,0
0xf272fb519aed5e92a06a90426336f378423718e5,1,0,0,0,0,0,0
0xf27a6b9f1434de2a406ee0a9f94b4d5e89fb2681,2,0,0,0,0,0,0
0xf27dc3916941656073e8642b014a8c7f6e483fba,1,1,0,0,0,0,0
0xf28460e6c571f1d1e481c81dd84973f9b00e1b7b,1,0,0,0,0,2,0
0xf2855df7f963531f689a8a3d2eb7bf4e0f532c01,1,0,0,0,0,0,0
0xf2861ad8dd602269c21eddd4d18255903cca47c7,4,1,0,0,0,1,0
0xf2940f868fcd1fbe8d1e1c02d2eaf68d8d7db338,1,0,0,0,0,0,0
0xf296fbc18ebce3eeb1026abbb4c9ee406f7c4467,1,0,0,0,0,0,0
0xf297a0806f24dbc96794af54c8c3691874c430f4,1,0,0,0,0,0,0
0xf29a03e88c425116c979892d475f5cddf1f742ce,0,0,0,0,0,2,0
0xf29e2bcde0ed59252df2f4b4f3867599dd06b687,3,0,0,0,0,0,0
0xf2a95300326adf582a43b63218742e4528f82b01,1,0,0,0,0,0,0
0xf2acbad5b651ab881a4fd7830db0aea34e2d5eca,0,1,0,0,0,0,0
0xf2ad62fb35bad00b30e3af1d920de48d29613993,1,0,0,0,0,0,0
0xf2b87ce9c2ce65e786d6ffee0fdb9629ceff05f2,1,0,0,0,0,0,0
0xf2b89f45cc4ebbf11a36bdb4a4b24eada8dd30a7,1,0,0,0,0,2,0
0xf2baec4108306dc87e117d98912d5adac4f15ed9,1,1,0,0,0,0,0
0xf2bea87df174bee8a862e1395fc97084ac6e6e56,1,0,0,0,0,0,0
0xf2cee90309418353a57717eca26c4f8754f0d84e,1,1,0,0,0,0,0
0xf2d32cfa422a4a5b7074050651ca380eb0cf0a8c,2,0,0,0,0,0,0
0xf2d3bee00851fdf205f4fe825fe89d2abff88231,2,0,0,0,0,0,0
0xf2d4dcfe87430ae9d1e0235edaa7cd3d445e2378,1,0,0,0,0,0,0
0xf2d54d17d3dc3810a0d62042a0b381df122ed162,0,0,0,0,0,2,0
0xf2e1f0f6d76b60963b46ee9ddb6797696a0b64ee,1,0,0,0,0,0,0
0xf2e449491975e376342586dd1229da20c969a39d,1,0,0,0,0,0,0
0xf2ec4048d9458cefe224c1630ccfb1b15fadeeff,1,0,0,0,0,0,0
0xf2eefee3c99cdb30c11d57b487a16690e813309b,0,0,0,0,0,2,0
0xf2f13b50e63454a5ce255f8355285561c13bb3cc,0,0,0,0,0,2,0
0xf2f22155e5333a1d8e5e433a576d835537caa5d7,1,1,0,0,0,0,0
0xf2f2a1fba8f86eed1af20e06657bbb5a4416527c,2,1,0,0,0,0,0
0xf2f5d3bccf2c84dff7da4838c4d741abf3608ab8,4,0,0,0,0,0,0
0xf3066d8ce545ddf5dc758d261470f9575365999a,3,1,0,0,0,0,0
0xf310d06a54eda5d5ae204b0aa9b5e207972d80b9,2,0,0,0,0,0,0
0xf31619a15518dce0613a514e6672d1f84f6e7fe7,0,1,0,0,0,1,0
0xf317f4acfc0d70ccc79a2f24cfbbd7ebc02cfa2e,1,0,0,0,0,0,0
0xf3196f69dba31f1dfaab52742940cae9d5b7f5b0,1,1,0,0,0,0,0
0xf32eba56b29cfeba67c10b18e1e1626f97c00a22,1,0,0,0,0,0,0
0xf330530a932d080a00ba2305ce5ec2f5a2b67257,1,0,0,0,0,0,0
0xf331f7887d31714dce936d9a9846e6afbe82e0a0,0,0,0,0,0,2,0
0xf336496011891a6f905cde1242285e9953c94d0b,2,0,0,0,0,0,0
0xf3391a78b4d53b2a600ad9e663ae00f6d5bb41a4,0,0,0,0,0,2,0
0xf34a0e6b54df071d1efdf96396b9c17f7a0c1e00,0,1,0,0,0,0,0
0xf35470b6182cbd9a0f0c01d8f491b18445707c7d,1,1,0,0,0,0,0
0xf354b2e5ea679a726d0348a974971cb4697bf508,1,0,0,0,0,0,0
0xf355164187e533b1969b4de46737c4e8bc9ae7e2,1,0,0,0,0,0,0
0xf3620846825ba198be14cdbc5f2b41bbff788d67,1,0,0,0,0,0,0
0xf363abeedd0402de170a6f2bceb920db37f8b8cb,1,1,0,0,0,0,0
0xf36d9bb4e6b60ff069e5e18caeb1071f10d4cb66,2,0,0,0,0,0,0
0xf37454790e35b9c5adf6b0c33304156688a6a306,0,1,0,0,0,0,0
0xf375e839fecff22f847eb2df66d440aeb7226916,2,0,0,0,0,0,0
0xf37c4a962e70d813a4d9825942141cd9bc5169fd,1,0,0,0,0,0,0
0xf3837fa9e62691a4eec8fd7d65ef8678d92eecf0,1,0,0,0,0,0,0
0xf397560c2f726718810f8e8d2c56858c473cc484,0,1,0,0,0,0,0
0xf39e32606f59e5dbbeebe81eb8251f1c380fb5f4,1,1,0,0,0,0,0
0xf3a4d8e3f5bfbab3b2d42e46d23c461eb866d16e,1,1,0,0,0,0,0
0xf3a88200de35c6f935562e66844707999b77dd38,1,0,0,0,0,0,0
0xf3b1110c90fe991310a26742ec6c9ceebbc6bdd6,2,0,0,0,0,0,0
0xf3b5cf34cdc3a0850037e5f383357fb808026bc7,0,1,0,0,0,0,0
0xf3bfe4b73faa6393f84f59354ebd71b1c4db53fc,1,0,0,0,0,0,0
0xf3c8ed6c721774c022c530e813a369dfe78a6e85,1,0,0,0,0,0,0
0xf3c96e0153cdab274834a9ef9d4f6a330677d66d,1,1,0,0,0,0,0
0xf3cb4203e10f205c6bc91d8b0974eee520af6412,1,0,0,0,0,2,0
0xf3cfb35afdbffea20892488ba7f1574adda81b9d,1,0,0,0,0,0,0
0xf3d86b6974ddf5b8407cfdcd3f874a76f7538b90,0,1,0,0,0,0,0
0xf3dac8e171a13066f8964f74a7c87fd518e4e162,1,0,0,0,0,0,0
0xf3dce610acbfbcbb4efc12c4c2e3be063128baad,1,0,0,0,0,0,0
0xf3e3f649771651368d89dd6fefc57c77dceb6f78,1,1,0,0,0,0,0
0xf3e61d4a877ef82d68ebc97acf99e1c08ee342f2,0,0,0,0,0,1,0
0xf3e6264475f63d771ca562a5176fb9a9b79acd67,1,1,0,0,0,0,0
0xf3e827ee018007603899170f0d4b80076dfa469e,2,0,0,0,0,0,0
0xf3e9e677e82d989445ba7d6a564b616a3171bbfb,0,1,0,0,0,0,0
0xf3eb09a1fd5a3e133a669074de1231d7a673744b,2,0,0,0,0,0,0
0xf3eb8b0600739111e41c14be93fcff15f104e6e6,2,0,0,0,0,0,0
0xf3f3dd2b5d9f3de1b1ceb6ad84683bf31adf29d1,2,0,0,0,1,2,0
0xf3fb69ef211c6d1e838a5c2223ef54fed4f24090,1,0,0,0,0,0,0
0xf40b7341cb564b506af7cd3788331b55621aabab,3,0,0,0,0,0,0
0xf40c5e190a608b6f8c0bf2b38c9506b327941402,0,0,0,0,0,2,0
0xf40eb2f57db872e57b86ba36d4bc86a38a16e4d5,1,0,0,0,0,0,0
0xf412af62269a0b3b10ea727df81231cdc5bb6364,2,1,0,0,0,0,0
0xf41624c6465e57a0dca498ef0b62f07cbaab09ca,0,1,0,0,0,0,0
0xf438e3a0c1bb9dc0ef6da672c97a282236d3f233,2,1,0,0,0,0,0
0xf441b73b0a196aa67d32aee230aab5e54eef4765,0,0,0,0,0,2,0
0xf442c2f7f9f91bd482fac07ed599ece40ffcc283,1,0,0,0,0,0,0
0xf443aaaf1e0770a078b5e1b783e68eb71c9e2f0f,1,1,0,0,0,0,0
0xf449ef0007c98761bdfced7ab1d0351f71d30468,3,1,0,0,0,0,0
0xf45546fcb8c604703a0c5f1a652f01ce452ec511,0,0,0,0,0,2,0
0xf459034afc1fc2e0e8bddc8e3645c2b2935186f6,0,1,0,0,0,0,0
0xf45a3bbe486779250961c9f2da73651deb90406a,1,1,0,0,0,0,0
0xf45c4e30e9a4d8107d7dbd0556065baedf03838d,3,0,0,0,0,0,0
0xf45ddbb8c22b92186e6107c8ad5e323686355797,1,1,0,0,0,0,0
0xf45ee2519203fe8b77c1f05de75cf5f405bf9011,1,0,0,0,0,0,0
0xf46002c37af6fb078ae1833fd447698a0c9012f7,0,1,0,0,0,0,0
0xf4609d26a58598d6b80b11f451a00477f61d8804,1,0,0,0,0,0,0
0xf46dbdd823ff23efe1cd21f71f030c2e48c97fe9,1,1,0,0,0,0,0
0xf46ec74202f414a8c05f9db7ff60869eb750d1c9,1,0,0,0,0,0,0
0xf46f049967ed63b864a7f6cdf91d6dac9ea23b2c,1,1,0,0,0,0,0
0xf4702b0918a8a89dfc38459ce42198834818f26b,2,0,0,0,0,0,0
0xf47186b5a4a57121f4eace51f50d47a7c0cd8740,3,0,0,0,0,0,0
0xf47cd932ee150f60cd611c3cfdba51bd33b27ad1,1,0,0,0,0,0,0
0xf47f923b91422f47645f41425601c44f6b464300,0,0,0,0,0,2,0
0xf485c5e679238f9304d986bb2fc28fe3379200e5,4,0,0,0,0,0,0
0xf4896e3273d8cfed47896c596f42efd08eea390f,0,1,0,0,0,0,0
0xf48d72e5a2419c0c6f5822854b7bb7bf135d1623,0,0,0,0,0,2,0
0xf4985070ce32b6b1994329df787d1acc9a2dd9e2,1,0,0,0,0,0,0
0xf4991089fdc65a9e23771adef47544742a0096c4,1,0,0,0,0,0,0
0xf49cdd50ad408d387d611f88a647179c3de3492b,1,0,0,0,0,0,0
0xf4a3679eb0a3d9e8af9824a29bd32dd98d1e7127,1,0,0,0,0,0,0
0xf4a7c09a885a31755dd4cd1ce816d257fbe30dcf,1,0,0,0,0,0,0
0xf4a8f388a38d23d795bdf478e5d285561be31432,1,0,0,0,0,0,0
0xf4ac238121585456dee1096fed287f4d8906d519,1,0,0,0,0,0,0
0xf4ac7eccd66a282920c131f96e716e3457120e03,1,0,0,0,0,0,0
0xf4acd4f5b97648800f579a8acee52cd5f8571342,0,1,0,0,1,0,0
0xf4ada683181837c150cd0c33881dd874230eb5ae,1,1,0,0,0,0,0
0xf4b0e82bb4ceaa34e1e5e2da3ac6babc57682348,2,0,0,0,0,0,0
0xf4b270c1590b799cc254326a98e3aba97261460e,1,1,0,0,0,0,0
0xf4b9240ab85dbd01fcd698a072aed4413d97eed4,2,1,0,0,0,0,0
0xf4b98e542c233d1473d300599af892f53e285ce1,2,0,0,0,0,0,0
0xf4bc01f1de29385ad2d3cbc4d5cc7ab67d2091fc,3,1,0,0,0,0,0
0xf4be3da9df0c12e69115bb5614334786fbaf5ace,1,0,0,0,0,0,0
0xf4d9000456bc1e8922a18f3d58c1036aa1afbbc2,0,1,0,0,0,0,0
0xf4d9f469297d7c6a8c3962aa04ab37d6cfa66ee7,1,0,0,0,0,0,0
0xf4dc44f1c618a5e4b6f372347e033ac5e77971a5,1,0,0,0,0,0,0
0xf4e3a095e2cad145793ec0f9fb5500e260514065,1,0,0,0,0,0,0
0xf4e770dd0e82e636062c05863cb0d25902bff334,0,1,0,0,0,0,0
0xf4f5271c9d6f23cc00f93625b502f88d289a1607,0,0,0,0,0,1,0
0xf4f5e4c5d5dfd01a3604016bc861ac3654a0c2e2,1,0,0,0,0,0,0
0xf4fb70638c4a83ffcec413a026b99a272b6f9933,0,1,0,0,0,0,0
0xf4fbef849bcf02ac4b305c2bc092fc270a14124c,0,1,0,0,0,0,0
0xf5004f3cfdffa92d8b6012038506af9180a653ba,2,0,0,0,0,0,0
0xf502275121deeaddbd7807bdbf533f48747ac17b,1,0,0,0,0,0,0
0xf5068761511594c82328102f4fde4650ed9ea6c4,2,0,0,0,0,0,0
0xf508548ef0ef6472760a36e15169b847ae427d38,0,0,1,0,0,0,0
0xf5096917729885ef5b1a8c4ef238d3cf06028ee7,0,1,0,0,0,0,0
0xf50d193eb6761fb3189be46b9165d4aec20e05f0,4,0,0,0,0,0,0
0xf50f369cc5f3b57f2786a4efb12359cc7dd640ae,1,1,0,0,0,0,0
0xf515c78ea440443021fd2abdccbf01afcaae3e65,1,0,0,0,0,0,0
0xf528d0e1e11edee40ca3724bd9fd923bb0235cc3,1,0,0,0,0,0,0
0xf556eb074274b572a9e863c29840507affc9eba2,2,0,0,0,0,2,0
0xf5580e174b658695680db92e6503949f6c52b454,1,0,0,0,0,0,0
0xf5587929c51017cfa8d0ead672fcc6b39f1496b0,0,0,0,0,0,2,0
0xf64196754b5548eef6bfcc434465c0d218309914,1,0,0,0,0,0,0
0xf67451dc8421f0e0afeb52faa8101034ed081ed9,2,0,0,0,0,0,0
0xf4c1d8863820b5e66fee5ea5d247f597f73f91f6,1,0,0,0,0,0,0
0xfef5497bc53a69875e02ae5b14eeff668f09a729,0,0,0,0,0,1,0
0xf4c3a48f27666ef8bedab8d73c0117e1aeaf1ba0,0,0,0,0,0,2,0
0xf4c571fb6dd704e58561cdd275fa4b80cfe82f76,1,1,0,0,0,0,0
0xf4c90e18727c5c76499ea6369c856a6d61d3e92e,1,0,0,0,0,0,0
